Friendship-1:
delivery ratio: 0.0047,0.0095,0.0604,0.0781,0.1558,0.1891,0.2112,0.2298,0.2454,0.2595,0.2756,0.2774,0.2793,0.2825,0.2832,0.2835,0.2837,0.2842,0.2844,0.2846,0.2846,0.2849,0.2849,0.2849,0.2849,0.2849,0.2854,0.2888,0.2895,0.2911,0.2954,0.2989,0.3000,0.3177,0.3182,0.3182,0.3182,0.3188,0.3188,0.3188,0.3188,0.3188,0.3188,0.3188,0.3188,0.3188,0.3188,
delay:56.741,1176.981,2983.227,3254.038,6214.868,6484.938,7224.667,8212.905,9120.325,9886.376,10742.647,10827.392,10909.777,11167.686,11237.452,11259.821,11277.891,11336.394,11348.315,11341.324,11341.324,11327.369,11327.369,11327.369,11327.369,11327.369,11450.495,12354.002,12528.051,12822.721,13584.067,14163.204,14395.166,18978.876,19041.105,19041.105,19041.105,19117.183,19117.183,19117.183,19117.183,19117.183,19117.183,19117.183,19117.183,19117.183,19117.183,
hop:1.222,1.333,1.680,1.699,1.842,1.867,1.850,1.853,1.891,1.883,1.884,1.885,1.884,1.892,1.893,1.894,1.893,1.895,1.895,1.894,1.894,1.893,1.893,1.893,1.893,1.893,1.896,1.897,1.898,1.894,1.896,1.901,1.901,1.903,1.904,1.904,1.904,1.904,1.904,1.904,1.904,1.904,1.904,1.904,1.904,1.904,1.904,
forwards:0.049,0.105,0.462,0.621,1.105,1.331,1.425,1.542,1.633,1.680,1.740,1.756,1.769,1.777,1.780,1.783,1.787,1.792,1.792,1.797,1.797,1.801,1.801,1.801,1.801,1.801,1.806,1.821,1.833,1.845,1.877,1.914,1.927,1.987,1.991,1.993,1.993,1.994,1.994,1.994,1.994,1.994,1.994,1.994,1.994,1.994,1.994,
maxLoad:125,359,686,718,833,902,928,1042,1092,1092,1092,1092,1116,1127,1130,1130,1130,1130,1130,1130,1130,1130,1130,1130,1130,1130,1130,1130,1143,1143,1143,1201,1201,1201,1202,1202,1202,1202,1202,1202,1202,1202,1202,1202,1202,1202,1202,
averageLoad:7.711,16.605,73.026,98.132,174.684,210.289,225.158,243.711,258.158,265.579,275.000,277.553,279.526,280.921,281.316,281.763,282.395,283.211,283.237,284.000,284.000,284.711,284.711,284.711,284.711,284.711,285.368,287.842,289.658,291.632,296.711,302.500,304.500,314.026,314.711,315.053,315.053,315.132,315.132,315.132,315.132,315.132,315.132,315.132,315.132,315.132,315.132,

-----------------------------------------------------------------------------------------------
Friendship-2:
delivery ratio: ratio:0.0053,0.0125,0.0711,0.1042,0.2289,0.2970,0.3344,0.3816,0.4184,0.4409,0.4672,0.4763,0.4844,0.4879,0.4882,0.4889,0.4891,0.4940,0.4942,0.4951,0.4951,0.4991,0.4991,0.4991,0.4991,0.4991,0.5014,0.5133,0.5221,0.5332,0.5518,0.5693,0.5744,0.5874,0.5905,0.5909,0.5909,0.5909,0.5909,0.5909,0.5909,0.5909,0.5909,0.5909,0.5909,0.5909,0.5909,
delay:33.333,1009.070,2761.064,3332.416,6801.848,7528.135,8247.581,9494.704,10596.816,11236.287,11848.154,12114.134,12408.391,12552.372,12555.595,12583.611,12593.617,12897.121,12903.427,12880.719,12880.719,13138.321,13138.321,13138.321,13138.321,13138.321,13389.498,15076.454,16238.509,17789.440,20048.172,22189.057,22470.457,23647.786,23816.185,23821.268,23821.268,23821.268,23821.268,23821.268,23821.268,23821.268,23821.268,23821.268,23821.268,23821.268,23821.268,
hop:1.267,1.521,1.820,1.906,2.205,2.284,2.301,2.374,2.409,2.413,2.439,2.446,2.452,2.458,2.458,2.460,2.459,2.464,2.463,2.462,2.462,2.458,2.458,2.458,2.458,2.458,2.458,2.469,2.480,2.495,2.513,2.524,2.523,2.515,2.515,2.516,2.516,2.516,2.516,2.516,2.516,2.516,2.516,2.516,2.516,2.516,2.516,
forwards:0.063,0.134,0.475,0.610,0.957,1.138,1.201,1.267,1.336,1.391,1.441,1.454,1.465,1.471,1.472,1.473,1.473,1.478,1.478,1.489,1.489,1.500,1.500,1.500,1.500,1.500,1.503,1.524,1.539,1.566,1.601,1.628,1.649,1.676,1.680,1.680,1.680,1.680,1.680,1.680,1.680,1.680,1.680,1.680,1.680,1.680,1.680,
maxLoad:184,469,833,847,945,960,961,961,961,964,968,972,973,976,976,976,976,985,985,1050,1050,1117,1118,1118,1118,1118,1118,1118,1118,1118,1118,1118,1118,1118,1118,1118,1118,1118,1118,1118,1118,1118,1118,1118,1118,1118,1118,
averageLoad:10.000,21.211,75.053,96.474,151.237,179.868,189.868,200.316,211.211,219.921,227.737,229.868,231.579,232.553,232.658,232.816,232.842,233.632,233.658,235.368,235.368,237.132,237.158,237.158,237.158,237.158,237.553,240.947,243.237,247.553,253.000,257.368,260.605,264.868,265.500,265.605,265.605,265.605,265.605,265.605,265.605,265.605,265.605,265.605,265.605,265.605,265.605,

------------------------------------------------------------------------------------------------
Friendship-3:
delivery ratio: 0.0042,0.0118,0.0781,0.1072,0.2351,0.3004,0.3379,0.3937,0.4182,0.4396,0.4726,0.4805,0.4865,0.4947,0.4954,0.4954,0.5002,0.5040,0.5042,0.5049,0.5049,0.5056,0.5056,0.5056,0.5056,0.5056,0.5072,0.5119,0.5253,0.5361,0.5539,0.5682,0.5728,0.5960,0.5989,0.5991,0.5991,0.6002,0.6002,0.6002,0.6002,0.6002,0.6002,0.6002,0.6002,0.6002,0.6002,
delay:39.167,1296.075,3013.515,3266.748,6762.522,7343.644,7986.837,9485.973,10216.252,10904.389,11847.960,12120.464,12290.791,12632.133,12657.237,12657.237,13023.469,13254.212,13260.268,13241.852,13241.852,13223.487,13223.487,13223.487,13223.487,13223.487,13429.624,13924.292,15684.227,17185.623,19334.577,21028.168,21261.369,23853.688,24087.840,24083.559,24083.559,24157.635,24157.635,24157.635,24157.635,24157.635,24157.635,24157.635,24157.635,24157.635,24157.635,
hop:1.167,1.567,2.173,2.221,2.549,2.620,2.619,2.697,2.720,2.715,2.733,2.742,2.745,2.759,2.759,2.759,2.761,2.765,2.764,2.763,2.763,2.761,2.761,2.761,2.761,2.761,2.762,2.764,2.778,2.796,2.805,2.816,2.817,2.816,2.817,2.818,2.818,2.818,2.818,2.818,2.818,2.818,2.818,2.818,2.818,2.818,2.818,
forwards:0.068,0.152,0.561,0.710,1.122,1.339,1.416,1.500,1.566,1.625,1.697,1.715,1.725,1.736,1.737,1.737,1.743,1.750,1.750,1.761,1.761,1.771,1.771,1.771,1.771,1.771,1.773,1.796,1.820,1.849,1.887,1.915,1.936,1.982,1.986,1.986,1.986,1.987,1.987,1.987,1.987,1.987,1.987,1.987,1.987,1.987,1.987,
maxLoad:197,527,940,963,1075,1091,1091,1091,1091,1091,1100,1102,1104,1106,1106,1106,1106,1114,1114,1180,1180,1238,1238,1238,1238,1238,1238,1238,1238,1238,1238,1238,1238,1238,1240,1240,1240,1240,1240,1240,1240,1240,1240,1240,1240,1240,1240,
averageLoad:10.816,23.947,88.605,112.158,177.342,211.605,223.868,237.105,247.500,256.895,268.184,271.026,272.605,274.395,274.553,274.605,275.526,276.605,276.632,278.368,278.368,279.895,279.895,279.895,279.895,279.895,280.211,283.842,287.579,292.237,298.316,302.632,305.921,313.184,313.895,313.921,313.921,314.079,314.079,314.079,314.079,314.079,314.079,314.079,314.079,314.079,314.079

------------------------------------------------------------------------------------------------------
Friendship-SimBet(using simbet to judge)(SocialGraph created by Friendship and commonFriends):
delivery ratio: 0.0040,0.0091,0.0719,0.0954,0.1839,0.2847,0.3054,0.3191,0.3577,0.3696,0.4012,0.4086,0.4218,0.4228,0.4298,0.4298,0.4300,0.4314,0.4316,0.4323,0.4323,0.4340,0.4340,0.4340,0.4340,0.4340,0.4346,0.4521,0.4816,0.4826,0.4989,0.5312,0.5354,0.5579,0.5598,0.5644,0.5644,0.5644,0.5644,0.5644,0.5644,0.5644,0.5644,0.5644,0.5644,0.5644,0.5644,
delay:25.217,1119.885,3342.056,3269.246,6620.810,7841.481,8172.117,8576.268,9921.052,10196.809,11053.942,11237.093,11991.514,12012.059,12514.020,12514.020,12525.430,12595.614,12602.957,12582.513,12582.513,12532.296,12532.296,12532.296,12532.296,12532.296,12575.832,15382.309,19849.451,19844.558,22098.474,26885.262,27256.604,30315.597,30236.060,30754.050,30754.050,30754.050,30754.050,30754.050,30754.050,30754.050,30754.050,30754.050,30754.050,30754.050,30754.050,
hop:1.174,1.538,2.566,2.645,2.739,2.916,2.958,2.963,3.044,3.046,3.070,3.076,3.092,3.091,3.103,3.103,3.102,3.102,3.102,3.099,3.099,3.095,3.095,3.095,3.095,3.095,3.094,3.111,3.162,3.161,3.187,3.229,3.227,3.250,3.246,3.251,3.251,3.251,3.251,3.251,3.251,3.251,3.251,3.251,3.251,3.251,3.251,
forwards:0.117,0.246,0.817,0.960,1.361,1.861,1.882,1.900,1.941,1.998,2.050,2.058,2.072,2.073,2.079,2.079,2.079,2.081,2.081,2.102,2.102,2.123,2.123,2.123,2.123,2.123,2.124,2.247,2.293,2.331,2.351,2.382,2.397,2.419,2.423,2.435,2.435,2.435,2.435,2.435,2.435,2.435,2.435,2.435,2.435,2.435,2.435,
maxLoad:325,948,1453,1457,1856,2183,2276,2329,2542,2697,2916,2959,3040,3045,3085,3085,3085,3093,3093,3093,3093,3093,3093,3093,3093,3093,3095,3762,4034,4034,4140,4327,4341,4463,4463,4533,4533,4533,4533,4533,4533,4533,4533,4533,4533,4533,4533,
averageLoad:18.526,38.895,129.184,151.763,215.053,294.158,297.421,300.342,306.737,315.737,324.079,325.289,327.421,327.579,328.632,328.632,328.658,328.868,328.895,332.237,332.237,335.605,335.605,335.605,335.605,335.605,335.684,355.105,362.342,368.474,371.579,376.526,378.895,382.342,382.921,384.789,384.789,384.789,384.789,384.789,384.789,384.789,384.789,384.789,384.789,384.789,384.789,

-------------------------------------------------------------------------------------------------------
Proximity-SimBet(using simbet to judge)(SocialGraph created by Proximity)
delivery ratio:0.0077,0.0318,0.1702,0.1988,0.2877,0.3214,0.3444,0.3493,0.3554,0.3644,0.3705,0.3723,0.3732,0.3737,0.3740,0.3740,0.3740,0.4151,0.4163,0.4498,0.4502,0.4739,0.4749,0.4840,0.4840,0.4840,0.4840,0.4842,0.4844,0.4854,0.4886,0.4902,0.4909,0.4914,0.5016,0.5040,0.5040,0.5040,0.5040,0.5040,0.5040,0.5040,0.5040,0.5040,0.5040,0.5040,0.5040,
delay:21.477,1716.845,3920.987,4008.808,5245.085,5181.697,5350.592,5414.245,5516.598,5593.088,5638.774,5659.124,5673.695,5686.282,5697.538,5697.538,5697.538,10599.951,10722.845,14259.792,14273.942,16267.120,16265.467,17370.501,17370.501,17370.501,17370.501,17396.356,17423.766,17386.170,17317.948,17315.744,17296.640,17291.858,19113.512,19397.123,19397.123,19397.123,19397.123,19397.123,19397.123,19397.123,19397.123,19397.123,19397.123,19397.123,19397.123,
hop:1.455,1.873,2.463,2.538,2.741,2.822,2.868,2.869,2.865,2.869,2.867,2.870,2.873,2.874,2.875,2.875,2.875,2.899,2.902,2.918,2.918,2.923,2.921,2.922,2.922,2.922,2.922,2.923,2.924,2.922,2.929,2.935,2.935,2.937,2.940,2.941,2.941,2.941,2.941,2.941,2.941,2.941,2.941,2.941,2.941,2.941,2.941,
forwards:0.192,0.370,1.162,1.273,1.578,1.807,1.830,1.869,1.904,1.957,1.994,2.012,2.013,2.014,2.014,2.014,2.014,2.069,2.070,2.114,2.114,2.149,2.150,2.159,2.159,2.159,2.159,2.163,2.163,2.189,2.205,2.209,2.210,2.210,2.222,2.226,2.226,2.226,2.226,2.226,2.226,2.226,2.226,2.226,2.226,2.226,2.226,
maxLoad:474,1288,3699,3963,4659,4731,4777,4777,4777,4777,4777,4777,4777,4777,4777,4777,4777,5103,5110,5375,5377,5586,5592,5644,5644,5644,5644,5644,5644,5644,5644,5644,5644,5644,5713,5739,5739,5739,5739,5739,5739,5739,5739,5739,5739,5739,5739,
averageLoad:30.289,58.421,183.605,201.132,249.342,285.553,289.263,295.447,300.947,309.368,315.105,318.053,318.237,318.316,318.368,318.368,318.368,326.947,327.132,334.105,334.158,339.658,339.816,341.184,341.184,341.184,341.184,341.789,341.816,346.000,348.579,349.132,349.289,349.368,351.184,351.868,351.868,351.868,351.868,351.868,351.868,351.868,351.868,351.868,351.868,351.868,351.868,

---------------------------------------------------------------------------------------------------------
Epidemic:
delivery ratio: 0.0091,0.0465,0.2865,0.3621,0.4628,0.5661,0.5851,0.5949,0.6112,0.6625,0.6635,0.6696,0.6702,0.6702,0.6702,0.6704,0.6704,0.6714,0.6714,0.6858,0.6860,0.7040,0.7053,0.7054,0.7054,0.7054,0.7104,0.7123,0.7144,0.7289,0.7318,0.7333,0.7523,0.7558,0.7574,0.7574,0.7579,0.7586,0.7586,0.7586,0.7586,0.7586,0.7586,0.7586,0.7586,0.7586,0.7586,
delay:45.250,2426.585,3801.580,3855.609,4429.248,5011.537,5070.962,5221.456,5491.542,6430.953,6425.808,6545.381,6550.565,6550.565,6550.565,6554.736,6554.736,6590.475,6590.475,7447.256,7446.184,8409.809,8404.214,8406.123,8406.123,8406.123,8744.975,8789.257,8877.858,10228.084,10216.409,10214.499,11666.545,11849.577,11845.064,11845.064,11848.811,11875.812,11875.812,11875.812,11875.812,11875.812,11875.812,11875.812,11875.812,11875.812,11875.812,
hop:1.519,2.140,3.369,3.591,3.780,3.925,3.981,4.020,4.023,4.047,4.048,4.059,4.060,4.060,4.060,4.060,4.060,4.062,4.062,4.050,4.049,4.028,4.025,4.025,4.025,4.025,4.032,4.031,4.033,4.035,4.041,4.046,4.056,4.063,4.066,4.066,4.069,4.070,4.070,4.070,4.070,4.070,4.070,4.070,4.070,4.070,4.070,
forwards:0.635,3.022,15.294,18.511,22.359,25.962,26.464,26.662,27.171,28.525,28.562,28.694,28.708,28.708,28.708,28.712,28.712,28.738,28.738,29.079,29.089,29.597,29.654,29.661,29.661,29.661,29.776,29.846,29.904,30.228,30.357,30.418,30.906,30.990,31.039,31.039,31.054,31.071,31.071,31.071,31.071,31.071,31.071,31.071,31.071,31.071,31.071,
maxLoad:2194,12355,34757,35757,38559,40651,40651,40651,40651,40651,40651,40651,40651,40651,40651,40651,40651,40804,40804,42660,42719,45435,45683,45683,45683,45683,45683,45683,45683,45683,45683,45683,45683,45683,45750,45750,45750,45750,45750,45750,45750,45750,45750,45750,45750,45750,45750,
averageLoad:100.395,477.658,2417.263,2925.763,3533.921,4103.395,4182.763,4213.947,4294.421,4508.526,4514.342,4535.158,4537.316,4537.316,4537.316,4538.053,4538.053,4542.079,4542.079,4596.000,4597.553,4677.816,4686.895,4687.974,4687.974,4687.974,4706.237,4717.237,4726.474,4777.605,4798.026,4807.684,4884.711,4898.026,4905.842,4905.842,4908.184,4910.816,4910.816,4910.816,4910.816,4910.816,4910.816,4910.816,4910.816,4910.816,4910.816,

Transmission:
delivery ratio:0.0070,0.0211,0.1147,0.1739,0.2914,0.3346,0.3772,0.4181,0.4375,0.4474,0.4642,0.4723,0.4742,0.4763,0.4767,0.4767,0.4767,0.4784,0.4784,0.4795,0.4796,0.4826,0.4828,0.4828,0.4828,0.4828,0.4833,0.4875,0.5081,0.5107,0.5316,0.5361,0.5451,0.5691,0.5712,0.5714,0.5725,0.5728,0.5728,0.5728,0.5728,0.5728,0.5728,0.5728,0.5728,0.5728,0.5728,
delay:22.625,1665.567,3203.346,4014.138,6242.354,6303.674,6948.675,8062.297,8594.333,8698.880,9133.434,9412.897,9441.095,9538.162,9549.612,9549.612,9549.612,9689.697,9689.697,9668.648,9666.302,9705.904,9703.246,9703.246,9703.246,9703.246,9756.756,10255.086,13410.204,13512.365,16341.503,16770.340,17748.811,21201.883,21309.933,21306.558,21406.248,21420.869,21420.869,21420.869,21420.869,21420.869,21420.869,21420.869,21420.869,21420.869,21420.869,
hop:1.450,1.733,2.506,2.723,2.942,3.013,3.054,3.098,3.114,3.109,3.113,3.121,3.124,3.128,3.128,3.128,3.128,3.129,3.129,3.127,3.126,3.123,3.122,3.122,3.122,3.122,3.122,3.131,3.153,3.154,3.176,3.181,3.189,3.217,3.218,3.218,3.220,3.219,3.219,3.219,3.219,3.219,3.219,3.219,3.219,3.219,3.219,
forwards:0.128,0.282,0.887,1.166,1.648,1.890,1.995,2.076,2.136,2.205,2.252,2.269,2.279,2.289,2.290,2.290,2.290,2.297,2.297,2.314,2.315,2.333,2.333,2.333,2.333,2.333,2.337,2.349,2.377,2.406,2.449,2.475,2.507,2.547,2.553,2.554,2.555,2.555,2.555,2.555,2.555,2.555,2.555,2.555,2.555,2.555,2.555,
maxLoad:416,1145,1980,2175,2449,2504,2688,2715,2767,2895,2924,2941,2944,2951,2953,2953,2953,2954,2954,2954,2954,2957,2957,2957,2957,2957,2957,2967,2977,2993,3018,3037,3041,3054,3062,3064,3064,3064,3064,3064,3064,3064,3064,3064,3064,3064,3064,
averageLoad:20.211,44.632,140.211,184.237,260.447,298.789,315.342,328.184,337.632,348.500,355.921,358.553,360.132,361.816,361.921,361.921,361.947,363.026,363.026,365.789,365.868,368.658,368.737,368.763,368.763,368.763,369.342,371.316,375.763,380.211,387.026,391.211,396.263,402.500,403.553,403.632,403.789,403.895,403.895,403.895,403.895,403.895,403.895,403.895,403.895,403.895,403.895,

Interest:
delivery ratio:0.0053,0.0091,0.0742,0.1146,0.2119,0.2691,0.3239,0.3577,0.3760,0.3928,0.4246,0.4374,0.4416,0.4454,0.4479,0.4491,0.4504,0.4507,0.4509,0.4518,0.4518,0.4553,0.4553,0.4605,0.4605,0.4605,0.4607,0.4628,0.4653,0.4670,0.4775,0.5033,0.5089,0.5244,0.5335,0.5347,0.5347,0.5347,0.5347,0.5347,0.5347,0.5347,0.5347,0.5347,0.5347,0.5347,0.5347,
delay:39.067,535.423,3069.147,3879.499,6571.086,7228.748,8569.184,9545.877,10189.794,10668.599,11815.680,12278.753,12468.341,12657.614,12783.455,12878.695,12972.837,12998.392,13015.800,13091.026,13091.026,13444.563,13444.563,14127.155,14127.155,14127.155,14156.436,14485.427,14841.612,15047.072,16528.245,20404.555,20971.374,23044.353,24352.354,24380.707,24380.707,24380.707,24380.707,24380.707,24380.707,24380.707,24380.707,24380.707,24380.707,24380.707,24380.707,
hop:1.267,1.308,1.787,1.848,1.882,1.964,2.031,2.047,2.030,2.024,2.071,2.083,2.079,2.085,2.085,2.083,2.082,2.082,2.081,2.080,2.080,2.081,2.081,2.079,2.079,2.079,2.079,2.079,2.080,2.080,2.083,2.131,2.134,2.146,2.152,2.154,2.154,2.154,2.154,2.154,2.154,2.154,2.154,2.154,2.154,2.154,2.154,
forwards:0.062,0.082,0.376,0.499,0.759,0.893,1.007,1.061,1.097,1.136,1.182,1.200,1.206,1.212,1.216,1.217,1.219,1.221,1.222,1.225,1.225,1.230,1.230,1.235,1.235,1.235,1.236,1.244,1.251,1.257,1.285,1.314,1.323,1.350,1.359,1.361,1.361,1.361,1.361,1.361,1.361,1.361,1.361,1.361,1.361,1.361,1.361,
maxLoad:139,148,970,1182,1584,1725,1925,1977,1994,2082,2092,2105,2116,2126,2130,2130,2130,2130,2130,2130,2130,2130,2130,2130,2130,2130,2130,2148,2157,2161,2176,2217,2237,2300,2302,2302,2302,2302,2302,2302,2302,2302,2302,2302,2302,2302,2302,
averageLoad:9.763,12.895,59.500,78.868,120.026,141.132,159.158,167.684,173.342,179.526,186.868,189.684,190.553,191.605,192.184,192.421,192.632,193.053,193.079,193.632,193.632,194.474,194.474,195.263,195.263,195.263,195.289,196.632,197.658,198.711,203.079,207.605,209.026,213.316,214.868,215.105,215.105,215.105,215.105,215.105,215.105,215.105,215.105,215.105,215.105,215.105,215.105

Greedy-Total:
delivery ratio:0.0063,0.0195,0.0960,0.1395,0.2504,0.3077,0.3428,0.3789,0.3882,0.4047,0.4268,0.4302,0.4323,0.4342,0.4444,0.4444,0.4511,0.4563,0.4567,0.4574,0.4574,0.4618,0.4623,0.4623,0.4623,0.4623,0.4642,0.4672,0.4846,0.4872,0.4998,0.5049,0.5068,0.5332,0.5351,0.5354,0.5354,0.5360,0.5360,0.5360,0.5360,0.5360,0.5360,0.5360,0.5360,0.5360,0.5360,
delay:54.139,1896.027,3106.781,3680.042,6119.320,6488.908,7175.532,8192.061,8451.320,8864.612,9609.059,9659.695,9722.462,9775.874,10547.425,10547.425,11121.309,11542.401,11567.472,11549.887,11549.887,11658.849,11696.683,11696.683,11696.683,11696.683,11986.050,12364.625,15048.992,15190.882,17104.835,17590.668,17679.252,21548.614,21694.255,21716.300,21716.300,21764.864,21764.864,21764.864,21764.864,21764.864,21764.864,21764.864,21764.864,21764.864,21764.864,
hop:1.417,1.874,2.444,2.634,2.845,2.961,2.992,3.050,3.058,3.065,3.082,3.087,3.089,3.090,3.115,3.115,3.117,3.122,3.122,3.120,3.120,3.117,3.118,3.118,3.118,3.118,3.117,3.119,3.143,3.140,3.154,3.158,3.157,3.187,3.188,3.188,3.188,3.188,3.188,3.188,3.188,3.188,3.188,3.188,3.188,3.188,3.188,
forwards:0.124,0.273,0.931,1.165,1.672,1.926,2.035,2.103,2.166,2.234,2.290,2.302,2.306,2.312,2.322,2.322,2.329,2.340,2.341,2.354,2.354,2.372,2.374,2.374,2.374,2.374,2.377,2.391,2.419,2.455,2.493,2.514,2.529,2.573,2.577,2.578,2.578,2.579,2.579,2.579,2.579,2.579,2.579,2.579,2.579,2.579,2.579,
maxLoad:365,1036,1963,2103,2365,2400,2404,2404,2404,2404,2404,2404,2404,2406,2406,2406,2406,2457,2458,2533,2535,2634,2641,2641,2641,2641,2641,2641,2641,2641,2641,2641,2641,2641,2643,2643,2643,2643,2643,2643,2643,2643,2643,2643,2643,2643,2643,
averageLoad:19.658,43.105,147.184,184.184,264.342,304.421,321.711,332.395,342.342,353.105,361.895,363.763,364.500,365.421,366.974,367.000,368.026,369.921,369.974,372.053,372.105,374.974,375.211,375.211,375.211,375.211,375.737,377.895,382.368,388.000,394.053,397.289,399.737,406.658,407.316,407.421,407.421,407.605,407.605,407.605,407.605,407.605,407.605,407.605,407.605,407.605,407.605
