------------------EpidemicCountTest(test time<80000, 94400>)--------------
第1号节点作为src:0,5,337,59,113,8,0,7,33,122,309,230,0,52,384,6,273,0,0,0,0,202,0,0,122,0,309,0,0,17,321,396,5,36,7,183,0,175,16,0,0,105,262,0,52,0,238,6,2,0,0,5,0,0,2,0,313,0,19,2,2,14,0,87,0,0,0,0,0,1,0,0,0,15,101,7,
第2号节点作为src:0,0,0,0,0,0,0,0,5,0,0,0,0,0,0,0,0,0,0,0,0,0,0,0,0,0,0,0,0,0,0,0,0,0,0,0,0,0,0,0,0,0,0,0,0,0,0,0,0,0,0,0,0,0,0,0,0,0,0,0,0,0,0,0,0,0,0,0,0,0,0,0,0,0,0,0,
第3号节点作为src:237,5,0,59,0,13,0,14,87,122,323,306,0,52,399,6,283,0,0,0,0,213,0,0,124,0,309,0,0,22,359,450,8,36,7,183,0,179,16,0,0,109,286,0,58,0,238,6,2,0,1,5,0,0,36,33,314,0,135,6,10,14,1,106,0,0,0,0,0,38,0,0,0,65,101,15,
第4号节点作为src:191,5,297,0,0,6,0,1,7,122,258,189,0,50,361,6,263,0,0,0,0,160,0,0,106,0,290,0,0,11,312,333,4,36,7,182,0,152,16,0,0,83,252,0,45,0,230,5,0,0,0,5,0,0,2,0,289,0,19,0,0,14,0,80,0,0,0,0,0,0,0,0,0,15,91,4,
第5号节点作为src:347,5,337,59,0,8,0,7,33,122,309,230,0,52,384,6,273,0,0,0,0,202,0,0,122,0,309,0,0,17,321,396,5,36,7,183,0,175,16,0,0,105,262,0,52,0,238,6,2,0,0,5,0,0,2,0,313,0,19,2,2,14,0,87,0,0,0,0,0,1,0,0,0,15,101,7,
第6号节点作为src:237,5,370,59,0,0,0,14,87,122,323,307,0,52,399,6,283,0,0,0,0,213,0,0,124,0,309,0,0,22,359,450,8,36,7,183,0,179,16,0,0,109,286,0,58,0,238,6,2,0,1,5,0,0,36,33,314,0,135,6,10,14,1,106,0,0,0,0,0,38,0,0,0,65,101,25,
第7号节点作为src:0,0,0,0,0,0,0,0,0,0,0,0,0,0,0,0,0,0,0,0,0,0,0,0,0,0,0,0,0,0,0,0,0,0,0,0,0,0,0,0,0,0,0,0,0,0,0,0,0,0,0,0,0,0,0,0,0,0,0,0,0,0,0,0,0,0,0,0,0,0,0,0,0,0,0,0,
第8号节点作为src:236,5,361,59,0,8,0,0,70,122,319,280,0,52,398,6,282,0,0,0,0,208,0,0,123,0,309,0,0,22,321,436,6,36,7,183,0,179,16,0,0,106,276,0,58,0,238,6,2,0,0,5,0,0,2,0,313,0,19,2,9,14,1,100,0,0,0,0,0,1,0,0,0,15,101,7,
第9号节点作为src:236,5,368,59,0,8,0,14,0,122,321,286,0,52,399,6,283,0,0,0,0,208,0,0,124,0,309,0,0,22,359,446,6,36,7,183,0,179,16,0,0,109,286,0,58,0,238,6,2,0,0,5,0,0,36,33,313,0,135,2,9,14,1,106,0,0,0,0,0,38,0,0,0,65,101,7,
第10号节点作为src:153,0,239,39,0,2,0,1,0,0,185,150,0,47,283,6,195,0,0,0,0,126,0,0,73,0,220,0,0,8,239,276,1,33,5,168,0,112,1,0,0,54,197,0,42,0,160,1,0,0,0,5,0,0,2,0,206,0,19,0,0,8,0,67,0,0,0,0,0,0,0,0,0,15,56,0,
第11号节点作为src:237,5,367,59,0,13,0,14,80,122,0,297,0,52,398,6,283,0,0,0,0,213,0,0,123,0,309,0,0,22,321,444,6,36,7,183,0,179,16,0,0,108,281,0,58,0,238,6,2,0,1,5,0,0,36,33,314,0,135,5,10,14,1,105,0,0,0,0,0,1,0,0,0,65,101,13,
第12号节点作为src:237,5,370,59,0,22,0,14,87,122,323,0,0,52,400,6,283,0,0,0,0,213,0,0,124,0,309,0,0,22,364,450,8,36,7,183,0,179,17,0,0,109,287,0,58,0,238,6,2,0,27,5,0,0,36,33,314,0,135,6,11,14,2,106,1,0,0,0,0,41,0,0,0,65,101,26,
第13号节点作为src:0,0,0,0,0,0,0,0,0,0,0,0,0,0,0,0,0,0,0,0,0,0,0,0,0,0,0,0,0,0,0,0,0,0,0,0,0,0,0,0,0,0,0,0,0,0,0,0,0,0,0,0,0,0,0,0,0,0,0,0,0,0,0,0,0,0,0,0,0,0,0,0,0,0,0,0,
第14号节点作为src:210,5,309,59,0,8,0,4,8,122,282,205,0,0,372,6,269,0,0,0,0,182,0,0,117,0,307,0,0,13,320,348,4,36,7,183,0,164,16,0,0,97,259,0,48,0,237,5,2,0,0,5,0,0,2,0,302,0,19,1,0,14,0,80,0,0,0,0,0,0,0,0,0,15,93,7,
第15号节点作为src:236,5,368,59,0,8,0,14,82,122,321,286,0,52,0,6,283,0,0,0,0,208,0,0,124,0,309,0,0,22,321,446,6,36,7,183,0,179,16,0,0,108,282,0,58,0,238,6,2,0,0,5,0,0,36,33,313,0,135,2,9,14,1,106,0,0,0,0,0,1,0,0,0,65,101,7,
第16号节点作为src:32,0,85,19,0,2,0,1,0,0,42,47,0,40,72,0,54,0,0,0,0,12,0,0,0,0,80,0,0,3,81,71,1,3,0,58,0,34,0,0,0,37,53,0,4,0,15,1,0,0,0,0,0,0,2,0,63,0,19,0,0,6,0,32,0,0,0,0,0,0,0,0,0,15,26,0,
第17号节点作为src:236,5,362,59,0,8,0,14,71,122,321,284,0,52,398,6,0,0,0,0,0,208,0,0,123,0,309,0,0,22,321,439,6,36,7,183,0,179,16,0,0,106,278,0,58,0,238,6,2,0,0,5,0,0,2,0,313,0,19,2,9,14,1,100,0,0,0,0,0,1,0,0,0,15,101,7,
第18号节点作为src:0,0,0,0,0,0,0,0,0,0,0,0,0,0,0,0,0,0,0,0,0,0,0,0,0,0,0,0,0,0,0,0,0,0,0,0,0,0,0,0,0,0,0,0,0,0,0,0,0,0,0,0,0,0,0,0,0,0,0,0,0,0,0,0,0,0,0,0,0,0,0,0,0,0,0,0,
第19号节点作为src:0,0,0,0,0,0,0,0,0,0,0,0,0,0,0,0,0,0,0,0,0,0,0,0,0,0,0,0,0,0,0,0,0,0,0,0,0,0,0,0,0,0,0,0,0,0,0,0,0,0,0,0,0,0,0,0,0,0,0,0,0,0,0,0,0,0,0,0,0,0,0,0,0,0,0,0,
第20号节点作为src:0,0,0,0,0,0,0,0,0,0,0,0,0,0,0,0,0,0,0,0,0,0,0,0,0,0,0,0,0,0,0,0,0,0,0,0,0,0,0,0,0,0,0,0,0,0,0,0,0,0,0,0,0,0,0,0,0,0,0,0,0,0,0,0,0,0,0,0,0,0,0,0,0,0,0,0,
第21号节点作为src:0,0,0,0,0,0,0,0,0,0,0,0,0,0,0,0,0,0,0,0,0,0,0,0,0,0,0,0,0,0,0,0,0,0,0,0,0,0,0,0,0,0,0,0,0,0,0,0,0,0,0,0,0,0,0,0,0,0,0,0,0,0,0,0,0,0,0,0,0,0,0,0,0,0,0,0,
第22号节点作为src:236,5,367,59,0,8,0,14,80,122,322,295,0,52,398,6,283,0,0,0,0,0,0,0,123,0,309,0,0,22,321,444,6,36,7,183,0,179,16,0,0,108,281,0,58,0,238,6,2,0,0,5,0,0,36,33,313,0,135,5,10,14,1,105,0,0,0,0,0,1,0,0,0,65,101,7,
第23号节点作为src:0,0,0,0,0,0,0,0,0,0,0,0,0,0,0,0,0,0,0,0,0,0,0,0,0,0,0,0,0,0,0,0,0,0,0,0,0,0,0,0,0,0,0,0,0,0,0,0,0,0,0,0,0,0,0,0,0,0,0,0,0,0,0,0,0,0,0,0,0,0,0,0,0,0,0,0,
第24号节点作为src:0,0,0,0,0,0,0,0,0,0,0,0,0,0,0,0,0,0,0,0,0,0,0,0,0,0,0,0,0,0,0,0,0,0,0,0,0,0,0,0,0,0,0,0,0,0,0,0,0,0,0,0,0,0,0,0,0,0,0,0,0,0,0,0,0,0,0,0,0,0,0,0,0,0,0,0,
第25号节点作为src:237,5,369,59,0,13,0,14,88,122,323,304,0,52,399,6,283,0,0,0,0,213,0,0,0,0,309,0,0,22,359,450,7,36,7,183,0,179,16,0,0,109,287,0,58,0,238,6,2,0,1,5,0,0,36,33,314,0,135,6,10,14,1,106,0,0,0,0,0,38,0,0,0,65,101,15,
第26号节点作为src:0,0,0,0,0,0,0,0,0,0,0,0,0,0,0,0,0,0,0,0,0,0,0,0,0,0,0,0,0,0,0,0,0,0,0,0,0,0,0,0,0,0,0,0,0,0,0,0,0,0,0,0,0,0,0,0,0,0,0,0,0,0,0,0,0,0,0,0,0,0,0,0,0,0,0,0,
第27号节点作为src:218,5,318,59,0,8,0,4,11,122,292,206,0,52,374,6,269,0,0,0,0,190,0,0,120,0,0,0,0,13,320,361,4,36,7,183,0,167,16,0,0,102,259,0,48,0,238,5,2,0,0,5,0,0,2,0,306,0,19,1,0,14,0,83,0,0,0,0,0,0,0,0,0,15,94,7,
第28号节点作为src:0,0,0,0,0,0,0,0,0,0,0,0,0,0,0,0,0,0,0,0,0,0,0,0,0,0,0,0,0,0,0,0,0,0,0,0,0,0,0,0,0,0,0,0,0,0,0,0,0,0,0,0,0,0,0,0,0,0,0,0,0,0,0,0,0,0,0,0,0,0,0,0,0,0,0,0,
第29号节点作为src:0,0,0,0,0,0,0,0,0,0,0,0,0,0,0,0,0,0,0,0,0,0,0,0,0,0,0,0,0,0,0,0,0,0,0,0,0,0,0,0,0,0,0,0,0,0,0,0,0,0,0,0,0,0,0,0,0,0,0,0,0,0,0,0,0,0,0,0,0,0,0,0,0,0,0,0,
第30号节点作为src:236,5,358,59,0,8,0,13,67,122,319,273,0,52,398,6,280,0,0,0,0,208,0,0,123,0,309,0,0,0,321,431,6,36,7,183,0,179,16,0,0,106,274,0,57,0,238,6,2,0,0,5,0,0,2,0,313,0,19,2,8,14,1,99,0,0,0,0,0,1,0,0,0,15,101,7,
第31号节点作为src:237,5,370,59,0,13,0,14,87,122,323,334,0,52,400,6,283,0,0,0,0,213,0,0,124,0,309,0,0,22,0,450,8,36,7,183,0,179,17,0,0,109,287,0,58,0,238,6,2,0,26,5,0,0,36,33,314,0,135,6,11,14,1,106,0,0,0,0,0,41,0,0,0,65,101,16,
第32号节点作为src:237,5,368,59,0,13,0,14,81,122,323,303,0,52,398,6,283,0,0,0,0,213,0,0,123,0,309,0,0,22,321,0,7,36,7,183,0,179,16,0,0,108,281,0,58,0,238,6,2,0,1,5,0,0,36,33,314,0,135,6,10,14,1,105,0,0,0,0,0,1,0,0,0,65,101,15,
第33号节点作为src:237,5,369,59,0,13,0,14,87,122,323,305,0,52,399,6,283,0,0,0,0,213,0,0,124,0,309,0,0,22,359,450,0,36,7,183,0,179,16,0,0,109,286,0,58,0,238,6,2,0,1,5,0,0,36,33,314,0,135,6,10,14,1,106,0,0,0,0,0,38,0,0,0,65,101,15,
第34号节点作为src:165,0,254,39,0,6,0,1,0,122,204,161,0,47,300,6,218,0,0,0,0,129,0,0,83,0,234,0,0,9,259,304,4,0,7,172,0,121,1,0,0,65,212,0,43,0,179,5,0,0,0,5,0,0,2,0,227,0,19,0,0,11,0,71,0,0,0,0,0,0,0,0,0,15,72,4,
第35号节点作为src:157,0,247,39,0,2,0,1,0,122,194,157,0,47,290,6,208,0,0,0,0,129,0,0,80,0,226,0,0,9,254,293,1,33,0,172,0,117,1,0,0,57,207,0,43,0,170,1,0,0,0,5,0,0,2,0,219,0,19,0,0,11,0,71,0,0,0,0,0,0,0,0,0,15,65,0,
第36号节点作为src:195,5,299,59,0,8,0,1,7,122,266,195,0,51,366,6,266,0,0,0,0,171,0,0,111,0,306,0,0,12,318,339,4,36,7,0,0,157,16,0,0,91,259,0,46,0,236,5,0,0,0,5,0,0,2,0,292,0,19,1,0,14,0,80,0,0,0,0,0,0,0,0,0,15,91,7,
第37号节点作为src:0,0,0,0,0,0,0,0,0,0,0,0,0,0,0,0,0,0,0,0,0,0,0,0,0,0,0,0,0,0,0,0,0,0,0,0,0,0,0,0,0,0,0,0,0,0,0,0,0,0,0,0,0,0,0,0,0,0,0,0,0,0,0,0,0,0,0,0,0,0,0,0,0,0,0,0,
第38号节点作为src:236,5,342,59,0,8,0,9,40,122,312,243,0,52,388,6,274,0,0,0,0,207,0,0,122,0,309,0,0,18,321,405,6,36,7,183,0,0,16,0,0,105,264,0,53,0,238,6,2,0,0,5,0,0,2,0,313,0,19,2,5,14,0,88,0,0,0,0,0,1,0,0,0,15,101,7,
第39号节点作为src:237,5,370,59,0,13,0,14,87,122,323,307,0,52,400,6,283,0,0,0,0,213,0,0,124,0,309,0,0,22,360,450,8,36,7,183,0,179,0,0,0,109,287,0,58,0,238,6,2,0,1,5,0,0,36,33,314,0,135,6,10,14,1,106,0,0,0,0,0,38,0,0,0,65,101,16,
第40号节点作为src:0,0,0,0,0,0,0,0,0,0,0,0,0,0,0,0,0,0,0,0,0,0,0,0,0,0,0,0,0,0,0,0,0,0,0,0,0,0,0,0,0,0,0,0,0,0,0,0,0,0,0,0,0,0,0,0,0,0,0,0,0,0,0,0,0,0,0,0,0,0,0,0,0,0,0,0,
第41号节点作为src:0,0,0,0,0,0,0,0,0,0,0,0,0,0,0,0,0,0,0,0,0,0,0,0,0,0,0,0,0,0,0,0,0,0,0,0,0,0,0,0,0,0,0,0,0,0,0,0,0,0,0,0,0,0,0,0,0,0,0,0,0,0,0,0,0,0,0,0,0,0,0,0,0,0,0,0,
第42号节点作为src:236,5,351,59,0,8,0,10,56,122,319,249,0,52,394,6,276,0,0,0,0,207,0,0,123,0,309,0,0,18,321,417,6,36,7,183,0,179,16,0,0,0,265,0,54,0,238,6,2,0,0,5,0,0,2,0,313,0,19,2,5,14,0,94,0,0,0,0,0,1,0,0,0,15,101,7,
第43号节点作为src:237,5,369,59,0,13,0,14,88,122,323,304,0,52,399,6,283,0,0,0,0,213,0,0,126,0,309,0,0,22,359,450,7,36,7,183,0,179,16,0,0,109,0,0,58,0,238,6,2,0,1,5,0,0,36,33,314,0,135,6,10,14,1,106,0,0,0,0,0,38,0,0,0,65,101,15,
第44号节点作为src:0,0,0,0,0,0,0,0,0,0,0,0,0,0,0,0,0,0,0,0,0,0,0,0,0,0,0,0,0,0,0,0,0,0,0,0,0,0,0,0,0,0,0,0,0,0,0,0,0,0,0,0,0,0,0,0,0,0,0,0,0,0,0,0,0,0,0,0,0,0,0,0,0,0,0,0,
第45号节点作为src:236,5,361,59,0,8,0,13,70,122,319,279,0,52,398,6,282,0,0,0,0,208,0,0,123,0,309,0,0,22,321,436,6,36,7,183,0,179,16,0,0,106,276,0,0,0,238,6,2,0,0,5,0,0,2,0,313,0,19,2,9,14,1,100,0,0,0,0,0,1,0,0,0,15,101,7,
第46号节点作为src:0,0,0,0,0,0,0,0,0,0,0,0,0,0,0,0,0,0,0,0,0,0,0,0,0,0,0,0,0,0,0,0,0,0,0,0,0,0,0,0,0,0,0,0,0,0,0,0,0,0,0,0,0,0,0,0,0,0,0,0,0,0,0,0,0,0,0,0,0,0,0,0,0,0,0,0,
第47号节点作为src:190,0,297,39,0,6,0,1,0,122,248,187,0,50,353,6,262,0,0,0,0,169,0,0,110,0,301,0,0,10,317,338,4,36,7,182,0,148,1,0,0,82,254,0,44,0,0,5,0,0,0,5,0,0,2,0,287,0,19,0,0,14,0,80,0,0,0,0,0,0,0,0,0,15,90,4,
第48号节点作为src:95,0,165,39,0,2,0,1,0,38,98,103,0,47,198,6,130,0,0,0,0,50,0,0,32,0,171,0,0,4,167,170,4,33,0,129,0,71,1,0,0,50,132,0,37,0,91,0,0,0,0,5,0,0,2,0,131,0,19,0,0,6,0,62,0,0,0,0,0,0,0,0,0,15,39,0,
第49号节点作为src:190,0,297,39,0,6,0,1,0,122,248,187,0,50,353,6,262,0,0,0,0,167,0,0,110,0,297,0,0,10,318,337,4,36,7,182,0,148,1,0,0,82,254,0,44,0,234,5,0,0,0,5,0,0,2,0,287,0,19,0,0,14,0,80,0,0,0,0,0,0,0,0,0,15,90,4,
第50号节点作为src:0,0,0,0,0,0,0,0,0,0,0,0,0,0,0,0,0,0,0,0,0,0,0,0,0,0,0,0,0,0,0,0,0,0,0,0,0,0,0,0,0,0,0,0,0,0,0,0,0,0,0,0,0,0,0,0,0,0,0,0,0,0,0,0,0,0,0,0,0,0,0,0,0,0,0,0,
第51号节点作为src:237,5,370,59,0,13,0,14,87,122,323,335,0,52,400,6,283,0,0,0,0,213,0,0,124,0,309,0,0,22,364,450,8,36,7,183,0,179,17,0,0,109,287,0,58,0,238,6,2,0,0,5,0,0,36,33,314,0,135,6,11,14,1,106,1,0,0,0,0,41,0,0,0,65,101,16,
第52号节点作为src:33,0,87,19,0,2,0,1,0,0,43,48,0,42,76,5,58,0,0,0,0,12,0,0,0,0,85,0,0,3,85,73,1,22,0,60,0,35,1,0,0,37,55,0,22,0,16,1,0,0,0,0,0,0,2,0,66,0,15,0,0,6,0,36,0,0,0,0,0,0,0,0,0,12,26,0,
第53号节点作为src:0,0,0,0,0,0,0,0,0,0,0,0,0,0,0,0,0,0,0,0,0,0,0,0,0,0,0,0,0,0,0,0,0,0,0,0,0,0,0,0,0,0,0,0,0,0,0,0,0,0,0,0,0,0,0,0,0,0,0,0,0,0,0,0,0,0,0,0,0,0,0,0,0,0,0,0,
第54号节点作为src:0,0,0,0,0,0,0,0,0,0,0,0,0,0,0,0,0,0,0,0,0,0,0,0,0,0,0,0,0,0,0,0,0,0,0,0,0,0,0,0,0,0,0,0,0,0,0,0,0,0,0,0,0,0,0,0,0,0,0,0,0,0,0,0,0,0,0,0,0,0,0,0,0,0,0,0,
第55号节点作为src:236,5,362,59,0,8,0,14,71,122,321,284,0,52,398,6,283,0,0,0,0,208,0,0,123,0,309,0,0,22,321,439,6,36,7,183,0,179,16,0,0,108,278,0,58,0,238,6,2,0,0,5,0,0,0,89,313,0,303,2,9,14,1,100,0,0,0,0,0,1,0,0,0,120,101,7,
第56号节点作为src:236,5,362,59,0,8,0,14,71,122,321,284,0,52,398,6,283,0,0,0,0,208,0,0,123,0,309,0,0,22,321,439,6,36,7,183,0,179,16,0,0,108,278,0,58,0,238,6,2,0,0,5,0,0,93,0,313,0,305,2,9,14,1,100,0,0,0,0,0,1,0,0,0,121,101,7,
第57号节点作为src:230,5,330,59,0,9,0,6,23,122,304,224,0,52,381,6,272,0,0,0,0,198,0,0,121,0,309,0,0,16,321,385,4,36,7,183,0,172,16,0,0,105,261,0,51,0,238,5,2,0,0,5,0,0,2,0,0,0,19,2,2,14,0,85,0,0,0,0,0,1,0,0,0,15,101,8,
第58号节点作为src:0,0,0,0,0,0,0,0,0,0,0,0,0,0,0,0,0,0,0,0,0,0,0,0,0,0,0,0,0,0,0,0,0,0,0,0,0,0,0,0,0,0,0,0,0,0,0,0,0,0,0,0,0,0,0,0,0,0,0,0,0,0,0,0,0,0,0,0,0,0,0,0,0,0,0,0,
第59号节点作为src:236,5,362,59,0,8,0,14,71,122,321,284,0,52,398,6,283,0,0,0,0,208,0,0,123,0,309,0,0,22,321,439,6,36,7,183,0,179,16,0,0,108,278,0,58,0,238,6,2,0,0,5,0,0,93,90,313,0,0,2,9,14,1,100,0,0,0,0,0,1,0,0,0,121,101,7,
第60号节点作为src:237,5,367,59,0,13,0,14,81,122,323,300,0,52,398,6,283,0,0,0,0,213,0,0,123,0,309,0,0,22,321,446,6,36,7,183,0,179,16,0,0,108,281,0,58,0,238,6,2,0,1,5,0,0,36,33,314,0,135,0,10,14,1,105,0,0,0,0,0,1,0,0,0,65,101,14,
第61号节点作为src:237,5,370,59,0,13,0,14,87,122,323,333,0,52,400,6,283,0,0,0,0,213,0,0,124,0,309,0,0,22,360,450,8,36,7,183,0,179,17,0,0,109,287,0,58,0,238,6,2,0,26,5,0,0,36,33,314,0,135,6,0,14,1,106,0,0,0,0,0,38,0,0,0,65,101,16,
第62号节点作为src:171,0,264,39,0,2,0,1,0,122,211,167,0,47,312,6,231,0,0,0,0,133,0,0,87,0,238,0,0,9,263,310,4,35,7,176,0,127,1,0,0,63,217,0,44,0,188,5,0,0,0,5,0,0,2,0,236,0,19,0,0,0,0,71,0,0,0,0,0,0,0,0,0,15,79,0,
第63号节点作为src:237,5,370,59,0,22,0,14,87,122,323,337,0,52,400,6,283,0,0,0,0,213,0,0,124,0,309,0,0,22,364,450,8,36,7,183,0,179,17,0,0,109,287,0,58,0,238,6,2,0,27,5,0,0,36,33,314,0,135,6,11,14,0,106,1,0,0,0,0,41,0,0,0,65,101,26,
第64号节点作为src:236,5,367,59,0,8,0,14,79,122,320,282,0,52,398,6,282,0,0,0,0,208,0,0,123,0,309,0,0,22,321,444,6,36,7,183,0,179,16,0,0,106,280,0,58,0,238,6,2,0,0,5,0,0,2,0,313,0,19,2,9,14,1,0,0,0,0,0,0,1,0,0,0,15,101,7,
第65号节点作为src:237,5,370,59,0,13,0,14,87,122,323,334,0,52,400,6,283,0,0,0,0,213,0,0,124,0,309,0,0,22,364,450,8,36,7,183,0,179,17,0,0,109,287,0,58,0,238,6,2,0,26,5,0,0,36,33,314,0,135,6,11,14,1,106,0,0,0,0,0,41,0,0,0,65,101,16,
第66号节点作为src:0,0,0,0,0,0,0,0,0,0,0,0,0,0,0,0,0,0,0,0,0,0,0,0,0,0,0,0,0,0,0,0,0,0,0,0,0,0,0,0,0,0,0,0,0,0,0,0,0,0,0,0,0,0,0,0,0,0,0,0,0,0,0,0,0,0,0,0,0,0,0,0,0,0,0,0,
第67号节点作为src:0,0,0,0,0,0,0,0,0,0,0,0,0,0,0,0,0,0,0,0,0,0,0,0,0,0,0,0,0,0,0,0,0,0,0,0,0,0,0,0,0,0,0,0,0,0,0,0,0,0,0,0,0,0,0,0,0,0,0,0,0,0,0,0,0,0,0,0,0,0,0,216,0,0,0,0,
第68号节点作为src:0,0,0,0,0,0,0,0,0,0,0,0,0,0,0,0,0,0,0,0,0,0,0,0,0,0,0,0,0,0,0,0,0,0,0,0,0,0,0,0,0,0,0,0,0,0,0,0,0,0,0,0,0,0,0,0,0,0,0,0,0,0,0,0,0,0,0,0,0,0,0,0,0,0,0,0,
第69号节点作为src:0,0,0,0,0,0,0,0,0,0,0,0,0,0,0,0,0,0,0,0,0,0,0,0,0,0,0,0,0,0,0,0,0,0,0,0,0,0,0,0,0,0,0,0,0,0,0,0,0,0,0,0,0,0,0,0,0,0,0,0,0,0,0,0,0,0,0,0,0,0,0,0,0,0,0,0,
第70号节点作为src:237,5,370,59,0,13,0,14,87,122,323,307,0,52,399,6,283,0,0,0,0,213,0,0,124,0,309,0,0,22,363,450,8,36,7,183,0,179,16,0,0,109,287,0,58,0,238,6,2,0,1,5,0,0,36,33,314,0,135,6,10,14,1,106,0,0,0,0,0,0,0,0,0,65,101,16,
第71号节点作为src:0,0,0,0,0,0,0,0,0,0,0,0,0,0,0,0,0,0,0,0,0,0,0,0,0,0,0,0,0,0,0,0,0,0,0,0,0,0,0,0,0,0,0,0,0,0,0,0,0,0,0,0,0,0,0,0,0,0,0,0,0,0,0,0,0,0,0,0,0,0,0,0,0,0,0,0,
第72号节点作为src:0,0,0,0,0,0,0,0,0,0,0,0,0,0,0,0,0,0,0,0,0,0,0,0,0,0,0,0,0,0,0,0,0,0,0,0,0,0,0,0,0,0,0,0,0,0,0,0,0,0,0,0,0,0,0,0,0,0,0,0,0,0,0,0,0,0,216,0,0,0,0,0,0,0,0,0,
第73号节点作为src:0,0,0,0,0,0,0,0,0,0,0,0,0,0,0,0,0,0,0,0,0,0,0,0,0,0,0,0,0,0,0,0,0,0,0,0,0,0,0,0,0,0,0,0,0,0,0,0,0,0,0,0,0,0,0,0,0,0,0,0,0,0,0,0,0,0,0,0,0,0,0,0,0,0,0,0,
第74号节点作为src:236,5,362,59,0,8,0,14,71,122,321,284,0,52,398,6,283,0,0,0,0,208,0,0,123,0,309,0,0,22,321,439,6,36,7,183,0,179,16,0,0,108,278,0,58,0,238,6,2,0,0,5,0,0,93,89,313,0,304,2,9,14,1,100,0,0,0,0,0,1,0,0,0,0,101,7,
第75号节点作为src:227,5,327,59,0,8,0,5,18,122,298,216,0,52,378,6,270,0,0,0,0,196,0,0,120,0,309,0,0,15,320,377,4,36,7,183,0,169,16,0,0,103,261,0,50,0,238,5,2,0,0,5,0,0,2,0,309,0,19,1,1,14,0,85,0,0,0,0,0,0,0,0,0,15,0,7,
第76号节点作为src:237,5,370,59,0,22,0,14,87,122,323,336,0,52,400,6,283,0,0,0,0,213,0,0,124,0,309,0,0,22,364,450,8,36,7,183,0,179,17,0,0,109,287,0,58,0,238,6,2,0,27,5,0,0,36,33,314,0,135,6,11,14,1,106,1,0,0,0,0,41,0,0,0,65,101,0,



------------------EpidemicCountTest(test time<0, 320684>)--------------
第1号节点作为src:0,492,2835,1938,1387,1031,844,1948,1474,965,1735,2479,1631,1644,2764,1773,3433,0,1280,32,590,1263,593,1050,1713,511,1288,1119,1283,1146,3354,3727,1737,1166,276,1520,49,1282,1743,761,0,1317,2523,183,1621,362,1987,1388,1336,297,2318,295,952,281,1775,2149,1090,0,2981,2080,1728,96,2044,2345,2156,2877,3629,1,1055,507,1430,3655,11,2826,1392,2571,
第2号节点作为src:2958,0,2723,1676,809,576,482,1917,1318,954,1735,1935,835,1644,2081,1009,3160,0,927,16,420,1090,572,644,1266,3,1288,637,859,1146,2965,3412,1584,1163,29,1520,0,1281,1571,760,0,1125,2039,183,1619,362,1682,986,1152,297,1887,191,952,5,1569,2091,1090,0,2863,1744,1728,51,1622,2009,1944,2347,4,0,894,467,1131,42,11,2406,1347,2182,
第3号节点作为src:3008,492,0,1938,1387,1031,1166,1948,1879,965,2146,2488,1725,2050,3294,1783,3446,400,1426,141,686,1469,595,2016,2241,1091,1465,1441,1992,1146,4095,4660,2592,1803,276,2349,178,1911,1879,837,799,1737,2942,342,2650,976,2568,2149,2163,371,3448,674,952,286,1776,2149,1334,139,2981,2610,2432,96,2720,2641,2559,3481,4007,222,1287,691,1807,4006,56,3418,1975,3433,
第4号节点作为src:2961,492,2835,0,1341,1013,708,1938,1361,965,1735,2476,1434,1644,2526,1606,3350,0,1278,21,514,1186,585,898,1645,380,1288,925,1077,1146,3288,3591,1670,1165,234,1520,0,1282,1691,761,0,1203,2444,183,1621,362,1865,1259,1268,297,2204,246,952,279,1775,2149,1090,0,2981,1989,1728,96,1943,2278,2081,2635,4,1,1006,482,1403,42,11,2748,1355,2447,
第5号节点作为src:2995,492,2835,1938,0,1030,828,1948,1467,965,1735,2478,1613,1644,2757,1772,3432,0,1280,26,583,1258,593,1045,1712,501,1288,1112,1283,1146,3353,3722,1736,1166,276,1520,48,1282,1741,761,0,1316,2514,183,1621,362,1987,1377,1330,297,2318,295,952,281,1775,2149,1090,0,2981,2076,1728,96,2043,2345,2151,2869,3621,1,1055,507,1430,3647,11,2825,1392,2564,
第6号节点作为src:2995,492,2835,1938,1387,0,830,1948,1467,965,1735,2478,1613,1644,2758,1772,3432,0,1280,26,583,1258,593,1045,1712,501,1288,1112,1283,1146,3353,3723,1736,1166,276,1520,49,1282,1741,761,0,1316,2514,183,1621,362,1987,1378,1330,297,2318,295,952,281,1775,2149,1090,0,2981,2076,1728,96,2043,2345,2152,2869,3621,1,1055,507,1430,3647,11,2825,1392,2564,
第7号节点作为src:3008,492,2865,1938,1387,1031,0,1948,1879,965,2146,2488,1725,2050,3291,1783,3446,358,1426,141,686,1469,595,2016,2221,1091,1450,1441,1992,1146,4090,4619,2592,1766,276,2335,158,1896,1879,837,799,1737,2942,342,2606,976,2568,2149,2163,371,3448,674,952,286,1776,2149,1334,135,2981,2610,2333,96,2720,2641,2559,3481,4007,222,1287,691,1807,4006,56,3324,1932,3433,
第8号节点作为src:2966,492,2835,1938,1367,1017,736,0,1419,965,1735,2476,1562,1644,2638,1704,3399,0,1278,21,541,1232,593,959,1687,415,1288,1004,1201,1146,3316,3650,1708,1165,254,1520,0,1282,1698,761,0,1244,2466,183,1621,362,1940,1293,1298,297,2266,254,952,280,1775,2149,1090,0,2981,2022,1728,96,1982,2339,2112,2748,3513,1,1055,482,1403,3549,11,2780,1356,2474,
第9号节点作为src:3008,492,2835,1938,1387,1031,1097,1948,0,965,2146,2485,1725,2050,2829,1783,3446,0,1280,141,685,1358,595,1464,1827,908,1430,1414,1556,1146,3488,3916,1928,1378,276,1720,111,1343,1807,761,69,1473,2942,183,1887,362,2088,1757,1507,297,2804,455,952,285,1776,2149,1334,0,2981,2405,1930,96,2255,2466,2317,3093,3833,1,1155,686,1807,3859,11,3156,1467,2975,
第10号节点作为src:2959,491,2723,1676,818,583,482,1919,1319,0,1735,1962,853,1644,2081,1021,3160,0,935,16,422,1090,572,644,1277,3,1288,637,859,1146,2974,3417,1584,1163,29,1520,0,1281,1578,760,0,1131,2055,183,1619,362,1682,986,1152,297,1887,191,952,14,1570,2091,1090,0,2863,1744,1728,51,1622,2016,1944,2349,4,0,894,471,1150,42,11,2416,1350,2182,
第11号节点作为src:3008,492,2835,1938,1387,1031,1080,1948,1535,965,0,2483,1725,2050,2829,1783,3446,0,1280,43,629,1281,595,1290,1740,830,1327,1211,1305,1146,3383,3825,1783,1185,276,1520,67,1282,1797,761,0,1325,2629,183,1621,362,2005,1506,1376,297,2412,295,952,284,1776,2149,1265,0,2981,2213,1775,96,2124,2385,2188,2934,3646,1,1073,536,1485,3672,11,2961,1411,2723,
第12号节点作为src:3007,492,2835,1938,1387,1031,858,1948,1487,965,1735,0,1652,1644,2772,1774,3436,0,1280,43,593,1263,593,1069,1713,529,1288,1130,1283,1146,3356,3741,1737,1166,276,1520,49,1282,1746,761,0,1317,2532,183,1621,362,1989,1413,1343,297,2333,295,952,281,1775,2149,1091,0,2981,2097,1728,96,2059,2355,2165,2900,3645,1,1055,507,1430,3671,11,2828,1392,2583,
第13号节点作为src:3008,492,2835,1938,1387,1031,1042,1948,1535,965,2102,2483,0,2029,2829,1782,3445,0,1280,43,619,1280,595,1247,1740,777,1312,1188,1305,1146,3382,3822,1782,1185,276,1520,59,1282,1797,761,0,1319,2609,183,1621,362,2005,1498,1375,297,2412,295,952,284,1776,2149,1262,0,2981,2172,1755,96,2124,2384,2186,2934,3646,1,1067,536,1485,3672,11,2917,1410,2723,
第14号节点作为src:3008,492,2835,1938,1387,1031,1062,1948,1535,965,2119,2483,1725,0,2829,1783,3446,0,1280,43,623,1281,595,1265,1740,804,1318,1193,1305,1146,3383,3825,1783,1185,276,1520,64,1282,1797,761,0,1320,2614,183,1621,362,2005,1505,1375,297,2412,295,952,284,1776,2149,1265,0,2981,2196,1766,96,2124,2385,2188,2934,3646,1,1069,536,1485,3672,11,2937,1411,2723,
第15号节点作为src:3008,492,2865,1938,1387,1031,1166,1948,1879,965,2146,2488,1725,2050,0,1783,3446,358,1426,141,686,1469,595,2016,2221,1091,1450,1441,1992,1146,4090,4620,2592,1768,276,2335,159,1896,1879,837,799,1737,2942,342,2608,976,2568,2149,2163,371,3448,674,952,286,1776,2149,1334,136,2981,2610,2336,96,2720,2641,2559,3481,4007,222,1287,691,1807,4006,56,3326,1932,3433,
第16号节点作为src:3008,492,2835,1938,1387,1031,1052,1948,1535,965,2111,2483,1725,2037,2829,0,3445,0,1280,43,620,1280,595,1253,1740,786,1315,1190,1305,1146,3383,3823,1783,1185,276,1520,59,1282,1797,761,0,1319,2609,183,1621,362,2005,1502,1375,297,2412,295,952,284,1776,2149,1265,0,2981,2181,1761,96,2124,2385,2188,2934,3646,1,1068,536,1485,3672,11,2925,1410,2723,
第17号节点作为src:3008,492,2835,1938,1387,1031,1052,1948,1535,965,2111,2483,1725,2037,2829,1783,0,0,1280,43,620,1281,595,1253,1740,786,1315,1190,1305,1146,3383,3825,1783,1185,276,1520,59,1282,1797,761,0,1320,2609,183,1621,362,2005,1504,1375,297,2412,295,952,284,1776,2149,1265,0,2981,2182,1761,96,2124,2385,2188,2934,3646,1,1068,536,1485,3672,11,2925,1410,2723,
第18号节点作为src:3008,492,2909,1938,1387,1031,1166,1948,1879,965,2146,2488,1725,2050,3294,1783,3446,0,1426,141,686,1469,595,2016,2239,1091,1462,1441,1992,1146,4095,4642,2592,1803,276,2349,178,1911,1879,837,799,1737,2942,342,2650,976,2568,2149,2163,371,3448,674,952,286,1776,2149,1334,139,2981,2610,2417,96,2720,2641,2559,3481,4007,222,1287,691,1807,4006,56,3402,1975,3433,
第19号节点作为src:3008,492,2861,1938,1387,1031,1156,1948,1879,965,2146,2488,1725,2050,3266,1783,3446,356,0,141,686,1469,595,2016,2205,1091,1443,1441,1992,1146,4090,4599,2592,1728,276,2333,131,1889,1879,837,799,1737,2942,342,2567,970,2557,2149,2158,371,3444,674,952,286,1776,2149,1334,105,2981,2610,2306,96,2720,2641,2559,3477,4007,222,1287,691,1807,4006,56,3293,1888,3423,
第20号节点作为src:3008,492,2835,1938,1387,1031,1097,1948,1849,965,2146,2485,1725,2050,2829,1783,3446,0,1280,0,677,1332,595,1365,1794,908,1397,1327,1494,1146,3446,3859,1861,1369,276,1624,91,1291,1807,761,0,1435,2920,183,1808,362,2062,1629,1452,297,2717,387,952,285,1776,2149,1334,0,2981,2333,1867,96,2176,2448,2261,3031,3646,1,1119,577,1804,3672,11,3054,1454,2860,
第21号节点作为src:3008,492,2835,1938,1387,1031,1097,1948,1543,965,2146,2484,1725,2050,2829,1783,3446,0,1280,99,0,1318,595,1321,1791,908,1368,1284,1408,1146,3417,3840,1846,1289,276,1579,90,1282,1807,761,0,1393,2630,183,1718,362,2068,1599,1458,297,2421,336,952,284,1776,2149,1333,0,2981,2289,1843,96,2158,2437,2250,3015,3646,1,1097,557,1494,3672,11,3034,1443,2821,
第22号节点作为src:3008,492,2835,1938,1387,1031,1097,1948,1879,965,2146,2488,1725,2050,3119,1783,3446,5,1280,141,685,0,595,1759,1915,968,1441,1441,1799,1146,3727,4191,2215,1605,276,1864,111,1543,1878,761,528,1581,2942,250,2239,583,2209,2147,1861,333,3072,674,952,286,1776,2149,1334,0,2981,2577,2084,96,2576,2488,2552,3262,4006,40,1287,691,1807,4006,30,3265,1552,3124,
第23号节点作为src:2961,492,2835,1937,1352,1013,708,1938,1408,965,1735,2476,1481,1644,2572,1652,3375,0,1278,21,527,1227,0,925,1664,381,1288,964,1139,1146,3295,3616,1686,1165,244,1520,0,1282,1695,761,0,1208,2451,183,1621,362,1905,1270,1287,297,2228,246,952,279,1775,2149,1090,0,2981,1996,1728,96,1956,2329,2097,2689,4,1,1053,482,1403,42,11,2748,1355,2448,
第24号节点作为src:3008,492,2842,1938,1387,1031,1100,1948,1879,965,2146,2488,1725,2050,3249,1783,3446,293,1344,141,686,1469,595,0,2126,1091,1441,1441,1991,1146,4023,4550,2592,1718,276,2276,111,1844,1878,829,791,1734,2942,338,2557,937,2535,2149,2139,360,3401,674,952,286,1776,2149,1334,30,2981,2599,2237,96,2720,2612,2559,3420,4007,222,1287,691,1807,4006,56,3291,1837,3396,
第25号节点作为src:3008,492,2909,1938,1387,1031,1166,1948,1879,965,2146,2488,1725,2050,3294,1783,3446,395,1426,141,686,1469,595,2016,0,1091,1462,1441,1992,1146,4095,4644,2592,1803,276,2349,177,1911,1879,837,799,1737,2942,342,2650,976,2568,2149,2163,371,3448,674,952,286,1776,2149,1334,139,2981,2610,2412,96,2720,2641,2559,3481,4007,222,1287,691,1807,4006,56,3399,1975,3433,
第26号节点作为src:3008,492,2842,1938,1387,1031,1097,1948,1879,965,2146,2488,1725,2050,3239,1783,3446,274,1329,141,686,1467,595,2001,2108,0,1441,1441,1986,1146,4006,4528,2579,1718,276,2268,111,1835,1878,829,791,1734,2942,338,2557,920,2517,2149,2128,336,3381,674,952,286,1776,2149,1334,15,2981,2577,2225,96,2720,2593,2558,3413,4007,221,1287,691,1807,4006,56,3265,1828,3394,
第27号节点作为src:3008,492,2923,1938,1387,1031,1166,1948,1879,965,2146,2488,1725,2050,3294,1783,3446,400,1426,141,686,1469,595,2016,2241,1091,0,1441,1992,1146,4095,4655,2592,1803,276,2349,178,1911,1879,837,799,1737,2942,342,2650,976,2568,2149,2163,371,3448,674,952,286,1776,2149,1334,139,2981,2610,2432,96,2720,2641,2559,3481,4007,222,1287,691,1807,4006,56,3416,1975,3433,
第28号节点作为src:3008,492,2835,1938,1387,1031,1097,1948,1879,965,2146,2485,1725,2050,2835,1783,3446,0,1280,141,685,1359,595,1566,1846,908,1432,0,1609,1146,3515,3983,2026,1378,276,1734,111,1394,1807,761,197,1506,2942,183,1996,362,2088,1881,1593,297,2881,531,952,285,1776,2149,1334,0,2981,2472,1985,96,2328,2466,2363,3126,3849,1,1157,691,1807,3874,11,3174,1467,2994,
第29号节点作为src:3008,492,2842,1938,1387,1031,1097,1948,1879,965,2146,2488,1725,2050,3240,1783,3446,274,1331,141,686,1469,595,2001,2108,1090,1441,1441,0,1146,4007,4530,2580,1718,276,2268,111,1835,1878,829,791,1734,2942,338,2557,920,2520,2149,2129,360,3381,674,952,286,1776,2149,1334,17,2981,2599,2225,96,2720,2593,2559,3414,4007,222,1287,691,1807,4006,56,3290,1828,3396,
第30号节点作为src:2454,449,2530,1676,809,346,224,1753,869,483,1555,1791,475,1595,2073,693,2992,0,881,16,341,893,32,424,1265,3,1184,637,859,0,2600,3118,1341,1096,25,1505,0,1274,1571,580,0,984,1627,183,1583,362,1572,870,1152,297,1887,191,952,0,1396,1879,1084,0,2657,1716,1728,22,1553,2009,1923,2268,4,0,620,401,1063,42,11,2203,1174,2143,
第31号节点作为src:3008,492,2861,1938,1387,1031,1156,1948,1879,965,2146,2488,1725,2050,3266,1783,3446,362,1424,141,686,1469,595,2016,2206,1091,1443,1441,1992,1146,0,4599,2592,1728,276,2336,131,1889,1879,837,799,1737,2942,342,2567,970,2557,2149,2158,371,3444,674,952,286,1776,2149,1334,105,2981,2610,2306,96,2720,2641,2559,3477,4007,222,1287,691,1807,4006,56,3293,1888,3423,
第32号节点作为src:3008,492,2926,1938,1387,1031,1166,1948,1879,965,2146,2488,1725,2050,3294,1783,3446,400,1426,141,686,1469,595,2016,2241,1091,1465,1441,1992,1146,4095,0,2592,1803,276,2349,178,1911,1879,837,799,1737,2942,342,2650,976,2568,2149,2163,371,3448,674,952,286,1776,2149,1334,139,2981,2610,2432,96,2720,2641,2559,3481,4007,222,1287,691,1807,4006,56,3418,1975,3433,
第33号节点作为src:3008,492,2842,1938,1387,1031,1100,1948,1879,965,2146,2488,1725,2050,3244,1783,3446,284,1339,141,686,1467,595,2004,2114,1091,1441,1441,1988,1146,4014,4541,0,1718,276,2273,111,1840,1878,829,791,1734,2942,338,2557,927,2527,2149,2134,336,3388,674,952,286,1776,2149,1334,21,2981,2577,2229,96,2720,2601,2558,3416,4007,222,1287,691,1807,4006,56,3266,1835,3394,
第34号节点作为src:3008,492,2899,1938,1387,1031,1166,1948,1879,965,2146,2488,1725,2050,3294,1783,3446,386,1426,141,686,1469,595,2016,2234,1091,1460,1441,1992,1146,4095,4639,2592,0,276,2341,175,1911,1879,837,799,1737,2942,342,2668,976,2568,2149,2163,371,3448,674,952,286,1776,2149,1334,139,2981,2610,2393,96,2720,2641,2559,3481,4007,222,1287,691,1807,4006,56,3386,1970,3433,
第35号节点作为src:2979,492,2835,1938,1386,1029,798,1948,1438,965,1735,2477,1584,1644,2722,1771,3430,0,1279,21,574,1243,593,1023,1711,473,1288,1079,1283,1146,3342,3702,1726,1166,0,1520,33,1282,1730,761,0,1291,2498,183,1621,362,1983,1347,1320,297,2305,295,952,281,1775,2149,1090,0,2981,2060,1728,96,2042,2340,2143,2836,3587,1,1055,507,1430,3614,11,2814,1377,2534,
第36号节点作为src:3008,492,2899,1938,1387,1031,1166,1948,1879,965,2146,2488,1725,2050,3294,1783,3446,386,1426,141,686,1469,595,2016,2234,1091,1461,1441,1992,1146,4095,4639,2592,1803,276,0,177,1911,1879,837,799,1737,2942,342,2650,976,2568,2149,2163,371,3448,674,952,286,1776,2149,1334,139,2981,2610,2398,96,2720,2641,2559,3481,4007,222,1287,691,1807,4006,56,3388,1972,3433,
第37号节点作为src:3008,492,2902,1938,1387,1031,1166,1948,1879,965,2146,2488,1725,2050,3294,1783,3446,393,1426,141,686,1469,595,2016,2235,1091,1462,1441,1992,1146,4095,4639,2592,1803,276,2349,0,1911,1879,837,799,1737,2942,342,2650,976,2568,2149,2163,371,3448,674,952,286,1776,2149,1334,139,2981,2610,2412,96,2720,2641,2559,3481,4007,222,1287,691,1807,4006,56,3397,1975,3433,
第38号节点作为src:3008,492,2880,1938,1387,1031,1166,1948,1879,965,2146,2488,1725,2050,3294,1783,3446,358,1426,141,686,1469,595,2016,2226,1091,1454,1441,1992,1146,4090,4629,2592,1773,276,2335,166,0,1879,837,799,1737,2942,342,2621,976,2568,2149,2163,371,3448,674,952,286,1776,2149,1334,139,2981,2610,2354,96,2720,2641,2559,3481,4007,222,1287,691,1807,4006,56,3349,1946,3433,
第39号节点作为src:3008,492,2842,1938,1387,1031,1097,1948,1879,965,2146,2488,1725,2050,3176,1783,3446,223,1280,141,686,1467,595,1928,2048,1061,1441,1441,1958,1146,3962,4450,2497,1718,276,2184,111,1778,0,793,792,1734,2942,337,2522,858,2448,2148,2084,336,3322,674,952,286,1776,2149,1334,0,2981,2577,2197,96,2720,2561,2558,3360,4007,193,1287,691,1807,4006,56,3265,1763,3394,
第40号节点作为src:3008,492,2842,1938,1387,1031,1097,1948,1879,965,2146,2488,1725,2050,3213,1783,3446,249,1290,141,686,1469,595,1971,2073,1072,1442,1441,1971,1146,3982,4489,2547,1721,276,2229,128,1812,1879,0,799,1737,2942,342,2561,893,2489,2149,2112,370,3359,674,952,286,1776,2149,1334,0,2981,2610,2214,96,2720,2580,2559,3394,4007,213,1287,691,1807,4006,56,3289,1794,3417,
第41号节点作为src:3008,492,2842,1938,1387,1031,1097,1948,1879,965,2146,2488,1725,2050,3168,1783,3446,217,1280,141,686,1469,595,1916,2046,1057,1442,1441,1953,1146,3952,4437,2483,1707,276,2167,122,1769,1878,776,0,1737,2942,334,2510,842,2434,2148,2068,370,3316,674,952,286,1776,2149,1334,0,2981,2610,2190,96,2720,2559,2559,3353,4007,188,1287,691,1807,4006,56,3289,1755,3407,
第42号节点作为src:3008,492,2842,1938,1387,1031,1097,1948,1879,965,2146,2488,1725,2050,3158,1783,3446,211,1280,141,686,1467,595,1910,2042,1053,1441,1441,1942,1146,3948,4426,2467,1702,276,2156,111,1763,1878,768,768,0,2942,332,2502,831,2423,2148,2057,336,3308,674,952,286,1776,2149,1334,0,2981,2577,2184,96,2720,2557,2558,3349,4007,183,1287,691,1807,4006,56,3265,1747,3396,
第43号节点作为src:3008,492,2835,1938,1387,1031,1097,1948,1861,965,2146,2485,1725,2050,2829,1783,3446,0,1280,141,685,1338,595,1368,1796,908,1407,1331,1496,1146,3449,3863,1867,1370,276,1630,94,1293,1807,761,1,1447,0,183,1808,362,2075,1640,1462,297,2732,389,952,285,1776,2149,1334,0,2981,2334,1868,96,2193,2460,2261,3047,3646,1,1125,603,1807,3672,11,3066,1457,2875,
第44号节点作为src:3008,492,2842,1938,1387,1031,1097,1948,1879,965,2146,2488,1725,2050,3213,1783,3446,249,1290,141,686,1469,595,1971,2073,1072,1442,1441,1971,1146,3982,4488,2547,1718,276,2229,125,1812,1879,823,799,1737,2942,0,2557,893,2489,2149,2112,370,3359,674,952,286,1776,2149,1334,0,2981,2610,2214,96,2720,2580,2559,3394,4007,213,1287,691,1807,4006,56,3289,1794,3412,
第45号节点作为src:3008,492,2899,1938,1387,1031,1166,1948,1879,965,2146,2488,1725,2050,3294,1783,3446,386,1426,141,686,1469,595,2016,2234,1091,1460,1441,1992,1146,4095,4639,2592,1822,276,2341,175,1911,1879,837,799,1737,2942,342,0,976,2568,2149,2163,371,3448,674,952,286,1776,2149,1334,139,2981,2610,2393,96,2720,2641,2559,3481,4007,222,1287,691,1807,4006,56,3386,1970,3433,
第46号节点作为src:3008,492,2842,1938,1387,1031,1122,1948,1879,965,2146,2488,1725,2050,3266,1783,3446,329,1382,141,686,1469,595,2016,2173,1091,1445,1441,1992,1146,4062,4598,2592,1734,276,2312,135,1880,1879,837,799,1737,2942,342,2576,0,2560,2149,2154,371,3443,674,952,286,1776,2149,1334,81,2981,2610,2262,96,2720,2641,2559,3460,4007,222,1287,691,1807,4006,56,3296,1874,3431,
第47号节点作为src:3008,492,2842,1938,1387,1031,1122,1948,1879,965,2146,2488,1725,2050,3266,1783,3446,329,1382,141,686,1469,595,2016,2173,1091,1445,1441,1992,1146,4062,4598,2592,1738,276,2312,138,1880,1879,837,799,1737,2942,342,2582,972,0,2149,2154,371,3443,674,952,286,1776,2149,1334,81,2981,2610,2262,96,2720,2641,2559,3460,4007,222,1287,691,1807,4006,56,3301,1874,3431,
第48号节点作为src:3008,492,2835,1938,1387,1031,1097,1948,1879,965,2146,2488,1725,2050,3106,1783,3446,0,1280,141,685,1444,595,1729,1911,968,1441,1441,1763,1146,3709,4162,2215,1578,276,1849,111,1534,1875,761,481,1554,2942,233,2210,563,2205,0,1841,321,3031,668,952,286,1776,2149,1334,0,2981,2553,2068,96,2532,2476,2535,3250,3993,25,1268,691,1807,3989,12,3247,1531,3095,
第49号节点作为src:3008,492,2853,1938,1387,1031,1145,1948,1879,965,2146,2488,1725,2050,3266,1783,3446,341,1404,141,686,1469,595,2016,2185,1091,1446,1441,1992,1146,4069,4602,2592,1744,276,2320,140,1892,1879,837,799,1737,2942,342,2587,976,2568,2149,0,371,3448,674,952,286,1776,2149,1334,110,2981,2610,2289,96,2720,2641,2559,3465,4007,222,1287,691,1807,4006,56,3302,1896,3433,
第50号节点作为src:3008,492,2835,1938,1387,1031,1097,1948,1879,965,2146,2488,1725,2050,3119,1783,3446,5,1280,141,685,1469,595,1759,1915,968,1441,1441,1800,1146,3727,4191,2215,1605,276,1864,117,1543,1878,761,528,1581,2942,250,2239,583,2209,2147,1861,0,3072,674,952,286,1776,2149,1334,0,2981,2614,2084,96,2576,2488,2552,3262,4006,40,1287,691,1807,4006,30,3288,1552,3125,
第51号节点作为src:3008,492,2842,1938,1387,1031,1122,1948,1879,965,2146,2488,1725,2050,3266,1783,3446,329,1382,141,686,1469,595,2016,2173,1091,1444,1441,1992,1146,4062,4598,2592,1729,276,2312,132,1880,1879,837,799,1737,2942,342,2569,968,2558,2149,2154,371,0,674,952,286,1776,2149,1334,81,2981,2610,2262,96,2720,2641,2559,3460,4007,222,1287,691,1807,4006,56,3294,1874,3427,
第52号节点作为src:3008,492,2835,1938,1387,1031,1097,1948,1879,965,2146,2488,1725,2050,3106,1783,3446,0,1280,141,685,1444,595,1729,1911,968,1441,1441,1763,1146,3709,4162,2215,1578,276,1850,111,1534,1875,761,481,1554,2942,233,2210,563,2205,2147,1841,321,3031,0,952,286,1776,2149,1334,0,2981,2553,2068,96,2532,2476,2535,3250,3993,25,1269,691,1807,3990,12,3248,1531,3097,
第53号节点作为src:2193,437,2360,1676,718,245,224,1751,858,348,1465,1598,294,1586,2025,489,2774,0,873,16,238,850,6,424,1260,3,1152,633,859,1128,2547,3043,1127,1051,7,1494,0,1269,1566,564,0,982,1566,183,1571,362,1381,818,1152,297,1876,191,0,0,1322,1838,1076,0,2400,1712,1728,22,1549,1999,1910,2254,4,0,620,400,1063,42,9,2061,1138,2121,
第54号节点作为src:3008,492,2835,1938,1387,1031,1097,1948,1543,965,2146,2484,1725,2050,2829,1783,3446,0,1280,99,677,1318,595,1321,1793,908,1366,1284,1408,1146,3417,3840,1846,1289,276,1579,89,1282,1807,761,0,1392,2630,183,1718,362,2061,1596,1450,297,2421,338,952,0,1778,2149,1333,0,2981,2291,1843,96,2160,2437,2250,3014,3646,1,1096,558,1494,3672,11,3034,1443,2821,
第55号节点作为src:3008,492,2835,1938,1387,1031,1097,1948,1543,965,2146,2484,1725,2050,2829,1783,3446,0,1280,99,677,1318,595,1321,1793,908,1366,1284,1408,1146,3417,3840,1846,1289,276,1579,89,1282,1807,761,0,1392,2630,183,1718,362,2061,1596,1450,297,2421,338,952,287,0,2149,1333,0,2981,2291,1843,96,2160,2437,2250,3014,3646,1,1096,558,1494,3672,11,3034,1443,2821,
第56号节点作为src:2961,492,2835,1737,1180,892,606,1937,1319,965,1735,2360,1130,1644,2289,1386,3229,0,1256,19,465,1186,584,711,1508,221,1288,741,859,1146,3185,3486,1584,1164,116,1520,0,1282,1676,761,0,1185,2420,183,1621,362,1700,1095,1218,297,2051,191,952,192,1676,0,1090,0,2981,1887,1728,96,1800,2141,1996,2468,4,0,1006,476,1396,42,11,2613,1355,2258,
第57号节点作为src:3008,492,2835,1938,1387,1031,1097,1948,1543,965,2146,2484,1725,2050,2829,1783,3446,0,1280,98,677,1318,595,1320,1788,908,1362,1284,1404,1146,3415,3840,1846,1289,276,1573,89,1282,1807,761,0,1392,2630,183,1713,362,2061,1589,1450,297,2421,332,952,284,1776,2149,0,0,2981,2288,1843,96,2155,2437,2248,3012,3646,1,1093,551,1494,3672,11,3034,1440,2821,
第58号节点作为src:3008,492,2870,1938,1387,1031,1166,1948,1879,965,2146,2488,1725,2050,3292,1783,3446,358,1426,141,686,1469,595,2016,2224,1091,1450,1441,1992,1146,4090,4621,2592,1766,276,2335,158,1899,1879,837,799,1737,2942,342,2606,976,2568,2149,2163,371,3448,674,952,286,1776,2149,1334,0,2981,2610,2337,96,2720,2641,2559,3481,4007,222,1287,691,1807,4006,56,3327,1933,3433,
第59号节点作为src:2961,492,2780,1692,1028,737,598,1935,1319,965,1735,2226,993,1644,2169,1237,3162,0,1114,19,433,1181,581,655,1374,92,1288,637,859,1146,3096,3440,1584,1164,29,1520,0,1282,1619,761,0,1162,2303,183,1621,362,1700,1024,1183,297,1902,191,952,109,1613,2146,1090,0,0,1805,1728,76,1733,2078,1961,2404,4,0,997,471,1388,42,11,2512,1355,2182,
第60号节点作为src:3008,492,2835,1938,1387,1031,1097,1948,1879,965,2146,2488,1725,2050,3119,1783,3446,5,1280,141,685,1469,595,1759,1915,968,1441,1441,1800,1146,3727,4191,2215,1605,276,1864,117,1543,1878,761,528,1581,2942,250,2239,583,2209,2147,1861,370,3072,674,952,286,1776,2149,1334,0,2981,0,2084,96,2576,2488,2552,3262,4006,40,1287,691,1807,4006,30,3288,1552,3125,
第61号节点作为src:3008,492,2919,1938,1387,1031,1166,1948,1879,965,2146,2488,1725,2050,3294,1783,3446,400,1426,141,686,1469,595,2016,2241,1091,1464,1441,1992,1146,4095,4650,2592,1803,276,2349,178,1911,1879,837,799,1737,2942,342,2650,976,2568,2149,2163,371,3448,674,952,286,1776,2149,1334,139,2981,2610,0,96,2720,2641,2559,3481,4007,222,1287,691,1807,4006,56,3415,1975,3433,
第62号节点作为src:2961,492,2834,1730,1158,866,605,1937,1319,965,1735,2347,1099,1644,2268,1371,3218,0,1239,19,459,1186,584,695,1492,213,1288,721,859,1146,3174,3479,1584,1164,102,1520,0,1282,1673,761,0,1180,2420,183,1621,362,1700,1078,1215,297,2037,191,952,185,1666,2147,1090,0,2981,1874,1728,0,1794,2132,1990,2458,4,0,1006,474,1392,42,11,2605,1355,2249,
第63号节点作为src:3008,492,2835,1938,1387,1031,1097,1948,1879,965,2146,2488,1725,2050,3119,1783,3446,154,1280,141,685,1467,595,1851,1998,1021,1441,1441,1894,1146,3884,4342,2358,1625,276,2054,111,1678,1878,761,688,1673,2942,315,2408,735,2338,2147,1974,336,3222,674,952,286,1776,2149,1334,0,2981,2577,2145,96,0,2537,2558,3313,4007,133,1287,691,1807,4006,56,3265,1657,3293,
第64号节点作为src:3008,492,2842,1938,1387,1031,1110,1948,1879,965,2146,2488,1725,2050,3266,1783,3446,319,1371,141,686,1469,595,2016,2166,1091,1443,1441,1992,1146,4057,4588,2592,1728,276,2302,131,1868,1879,837,799,1737,2942,342,2567,960,2551,2149,2152,371,3431,674,952,286,1776,2149,1334,69,2981,2610,2254,96,2720,0,2559,3449,4007,222,1287,691,1807,4006,56,3293,1857,3423,
第65号节点作为src:3008,492,2835,1938,1387,1031,1097,1948,1879,965,2146,2488,1725,2050,3119,1783,3446,5,1280,141,685,1467,595,1762,1915,968,1441,1441,1804,1146,3727,4191,2215,1605,276,1864,111,1543,1878,761,532,1586,2942,250,2239,583,2209,2147,1861,334,3082,674,952,286,1776,2149,1334,0,2981,2577,2084,96,2581,2490,0,3265,4006,45,1287,691,1807,4006,33,3264,1557,3122,
第66号节点作为src:3008,492,2861,1938,1387,1031,1160,1948,1879,965,2146,2488,1725,2050,3266,1783,3446,357,1424,141,686,1469,595,2016,2207,1091,1443,1441,1992,1146,4090,4599,2592,1728,276,2334,131,1889,1879,837,799,1737,2942,342,2567,970,2557,2149,2158,371,3444,674,952,286,1776,2149,1334,105,2981,2610,2306,96,2720,2641,2559,0,4007,222,1287,691,1807,4006,56,3293,1888,3423,
第67号节点作为src:3008,492,2835,1938,1387,1031,1097,1948,1879,965,2146,2488,1725,2050,3107,1783,3446,0,1280,141,685,1452,595,1744,1914,968,1441,1441,1771,1146,3716,4177,2215,1591,276,1857,111,1535,1878,761,502,1559,2942,240,2225,572,2206,2147,1848,324,3041,674,952,286,1776,2149,1334,0,2981,2559,2075,96,2546,2476,2542,3254,0,28,1278,691,1807,4008,18,3252,1538,3107,
第68号节点作为src:3008,492,2842,1938,1387,1031,1097,1948,1879,965,2146,2488,1725,2050,3236,1783,3446,264,1324,141,686,1467,595,1999,2103,1089,1441,1441,1985,1146,4005,4525,2576,1718,276,2257,111,1830,1878,829,791,1734,2942,338,2557,918,2516,2149,2128,336,3376,674,952,286,1776,2149,1334,9,2981,2577,2222,96,2720,2592,2558,3407,4007,0,1287,691,1807,4006,56,3265,1823,3394,
第69号节点作为src:3008,492,2835,1938,1387,1031,1097,1948,1879,965,2146,2488,1725,2050,3118,1783,3446,0,1280,141,685,1461,595,1751,1914,968,1441,1441,1788,1146,3726,4186,2215,1598,276,1860,111,1540,1878,761,513,1566,2942,244,2233,576,2206,2147,1856,325,3058,674,952,286,1776,2149,1334,0,2981,2571,2079,96,2557,2485,2542,3254,4006,35,0,691,1807,4006,25,3259,1541,3117,
第70号节点作为src:3008,492,2835,1938,1387,1031,1097,1948,1861,965,2146,2485,1725,2050,2829,1783,3446,0,1280,141,685,1340,595,1464,1827,908,1414,1363,1556,1146,3488,3915,1928,1378,276,1679,105,1343,1807,761,69,1473,2942,183,1887,362,2087,1757,1507,297,2804,455,952,285,1776,2149,1334,0,2981,2405,1930,96,2255,2461,2317,3093,3646,1,1128,0,1807,3672,11,3110,1460,2921,
第71号节点作为src:3008,492,2835,1938,1387,1031,1097,1948,1849,965,2146,2485,1725,2050,2829,1783,3446,0,1280,123,677,1332,595,1354,1794,908,1394,1317,1475,1146,3441,3859,1861,1354,276,1623,91,1289,1807,761,0,1431,2920,183,1788,362,2062,1629,1452,297,2717,377,952,285,1776,2149,1334,0,2981,2329,1867,96,2176,2448,2261,3031,3646,1,1118,577,0,3672,11,3054,1454,2852,
第72号节点作为src:3008,492,2835,1938,1387,1031,1097,1948,1879,965,2146,2488,1725,2050,3107,1783,3446,0,1280,141,685,1452,595,1744,1914,968,1441,1441,1771,1146,3716,4177,2215,1591,276,1857,111,1535,1878,761,502,1559,2942,240,2225,572,2206,2147,1848,324,3041,674,952,286,1776,2149,1334,0,2981,2559,2075,96,2546,2476,2542,3254,4009,28,1278,691,1807,0,18,3252,1538,3107,
第73号节点作为src:3008,492,2835,1938,1387,1031,1097,1948,1879,965,2146,2488,1725,2050,3119,1783,3446,75,1280,141,685,1467,595,1804,1950,980,1441,1441,1845,1146,3787,4259,2279,1624,276,1957,111,1583,1878,761,608,1628,2942,291,2315,654,2265,2147,1908,336,3152,674,952,286,1776,2149,1334,0,2981,2577,2104,96,2653,2505,2558,3289,4007,87,1287,691,1807,4006,0,3265,1592,3203,
第74号节点作为src:3008,492,2925,1938,1387,1031,1166,1948,1879,965,2146,2488,1725,2050,3294,1783,3446,400,1426,141,686,1469,595,2016,2241,1091,1465,1441,1992,1146,4095,4659,2592,1803,276,2349,178,1911,1879,837,799,1737,2942,342,2650,976,2568,2149,2163,371,3448,674,952,286,1776,2149,1334,139,2981,2610,2432,96,2720,2641,2559,3481,4007,222,1287,691,1807,4006,56,0,1975,3433,
第75号节点作为src:3008,492,2900,1938,1387,1031,1166,1948,1879,965,2146,2488,1725,2050,3294,1783,3446,389,1426,141,686,1469,595,2016,2235,1091,1462,1441,1992,1146,4095,4639,2592,1803,276,2346,175,1911,1879,837,799,1737,2942,342,2650,976,2568,2149,2163,371,3448,674,952,286,1776,2149,1334,139,2981,2610,2404,96,2720,2641,2559,3481,4007,222,1287,691,1807,4006,56,3392,0,3433,
第76号节点作为src:3008,492,2842,1938,1387,1031,1100,1948,1879,965,2146,2488,1725,2050,3250,1783,3446,293,1344,141,686,1469,595,2015,2127,1091,1446,1441,1992,1146,4023,4551,2592,1731,276,2276,132,1844,1879,837,799,1737,2942,342,2573,936,2535,2149,2139,371,3401,674,952,286,1776,2149,1334,30,2981,2610,2237,96,2720,2612,2559,3420,4007,222,1287,691,1807,4006,56,3292,1837,0,




------------------EpidemicCountTest(test time<0, 180000>)--------------
第1号节点作为src:0,490,2367,1506,1264,1014,623,1250,1369,741,1312,2257,1631,1083,2311,1773,2385,0,1278,32,590,907,593,954,880,508,1281,945,495,1123,2993,2759,1519,875,276,1074,49,874,1137,760,0,1317,2242,183,1344,22,1499,1350,462,297,1806,256,952,281,1244,1068,979,0,2981,1470,1045,96,1613,1796,1492,2041,2332,1,435,507,1350,2319,11,1832,869,1944,
第2号节点作为src:2068,0,2255,1244,686,559,261,1219,1213,730,1312,1713,835,1083,1628,1009,2112,0,925,16,420,734,572,548,433,0,1281,463,71,1123,2604,2444,1366,872,29,1074,0,873,965,759,0,1125,1758,183,1342,22,1194,948,278,297,1375,152,952,5,1038,1010,979,0,2863,1135,1045,51,1191,1460,1280,1511,0,0,274,467,1051,0,11,1412,825,1555,
第3号节点作为src:2118,490,0,1506,1264,1014,945,1250,1774,741,1723,2266,1725,1489,2841,1783,2398,400,1424,141,686,1113,595,1920,1408,1088,1458,1267,1204,1123,3734,3692,2374,1512,276,1903,178,1503,1273,836,799,1737,2661,342,2373,636,2080,2111,1289,371,2936,635,952,286,1245,1068,1223,139,2981,2000,1749,96,2289,2092,1895,2645,2710,222,667,691,1727,2670,56,2424,1452,2806,
第4号节点作为src:2071,490,2367,0,1218,996,487,1240,1256,741,1312,2254,1434,1083,2073,1606,2302,0,1276,21,514,830,585,802,812,377,1281,751,289,1123,2927,2623,1452,874,234,1074,0,874,1085,760,0,1203,2163,183,1344,22,1377,1221,394,297,1692,207,952,279,1244,1068,979,0,2981,1379,1045,96,1512,1729,1417,1799,0,1,386,482,1323,0,11,1754,833,1820,
第5号节点作为src:2105,490,2367,1506,0,1013,607,1250,1362,741,1312,2256,1613,1083,2304,1772,2384,0,1278,26,583,902,593,949,879,498,1281,938,495,1123,2992,2754,1518,875,276,1074,48,874,1135,760,0,1316,2233,183,1344,22,1499,1339,456,297,1806,256,952,281,1244,1068,979,0,2981,1466,1045,96,1612,1796,1487,2033,2324,1,435,507,1350,2311,11,1831,869,1937,
第6号节点作为src:2105,490,2367,1506,1264,0,609,1250,1362,741,1312,2256,1613,1083,2305,1772,2384,0,1278,26,583,902,593,949,879,498,1281,938,495,1123,2992,2755,1518,875,276,1074,49,874,1135,760,0,1316,2233,183,1344,22,1499,1340,456,297,1806,256,952,281,1244,1068,979,0,2981,1466,1045,96,1612,1796,1488,2033,2324,1,435,507,1350,2311,11,1831,869,1937,
第7号节点作为src:2118,490,2397,1506,1264,1014,0,1250,1774,741,1723,2266,1725,1489,2838,1783,2398,358,1424,141,686,1113,595,1920,1388,1088,1443,1267,1204,1123,3729,3651,2374,1475,276,1889,158,1488,1273,836,799,1737,2661,342,2329,636,2080,2111,1289,371,2936,635,952,286,1245,1068,1223,135,2981,2000,1650,96,2289,2092,1895,2645,2710,222,667,691,1727,2670,56,2330,1409,2806,
第8号节点作为src:2076,490,2367,1506,1244,1000,515,0,1314,741,1312,2254,1562,1083,2185,1704,2351,0,1276,21,541,876,593,863,854,412,1281,830,413,1123,2955,2682,1490,874,254,1074,0,874,1092,760,0,1244,2185,183,1344,22,1452,1255,424,297,1754,215,952,280,1244,1068,979,0,2981,1412,1045,96,1551,1790,1448,1912,2216,1,435,482,1323,2213,11,1786,833,1847,
第9号节点作为src:2118,490,2367,1506,1264,1014,876,1250,0,741,1723,2263,1725,1489,2376,1783,2398,0,1278,141,685,1002,595,1368,994,905,1423,1240,768,1123,3127,2948,1710,1087,276,1274,111,935,1201,760,69,1473,2661,183,1610,22,1600,1719,633,297,2292,416,952,285,1245,1068,1223,0,2981,1795,1247,96,1824,1917,1653,2257,2536,1,535,686,1727,2523,11,2162,944,2348,
第10号节点作为src:2069,489,2255,1244,695,566,261,1221,1214,0,1312,1740,853,1083,1628,1021,2112,0,933,16,422,734,572,548,444,0,1281,463,71,1123,2613,2449,1366,872,29,1074,0,873,972,759,0,1131,1774,183,1342,22,1194,948,278,297,1375,152,952,14,1039,1010,979,0,2863,1135,1045,51,1191,1467,1280,1513,0,0,274,471,1070,0,11,1422,828,1555,
第11号节点作为src:2118,490,2367,1506,1264,1014,859,1250,1430,741,0,2261,1725,1489,2376,1783,2398,0,1278,43,629,925,595,1194,907,827,1320,1037,517,1123,3022,2857,1565,894,276,1074,67,874,1191,760,0,1325,2348,183,1344,22,1517,1468,502,297,1900,256,952,284,1245,1068,1154,0,2981,1603,1092,96,1693,1836,1524,2098,2349,1,453,536,1405,2336,11,1967,888,2096,
第12号节点作为src:2117,490,2367,1506,1264,1014,637,1250,1382,741,1312,0,1652,1083,2319,1774,2388,0,1278,43,593,907,593,973,880,526,1281,956,495,1123,2995,2773,1519,875,276,1074,49,874,1140,760,0,1317,2251,183,1344,22,1501,1375,469,297,1821,256,952,281,1244,1068,980,0,2981,1487,1045,96,1628,1806,1501,2064,2348,1,435,507,1350,2335,11,1834,869,1956,
第13号节点作为src:2118,490,2367,1506,1264,1014,821,1250,1430,741,1679,2261,0,1468,2376,1782,2397,0,1278,43,619,924,595,1151,907,774,1305,1014,517,1123,3021,2854,1564,894,276,1074,59,874,1191,760,0,1319,2328,183,1344,22,1517,1460,501,297,1900,256,952,284,1245,1068,1151,0,2981,1562,1072,96,1693,1835,1522,2098,2349,1,447,536,1405,2336,11,1923,887,2096,
第14号节点作为src:2118,490,2367,1506,1264,1014,841,1250,1430,741,1696,2261,1725,0,2376,1783,2398,0,1278,43,623,925,595,1169,907,801,1311,1019,517,1123,3022,2857,1565,894,276,1074,64,874,1191,760,0,1320,2333,183,1344,22,1517,1467,501,297,1900,256,952,284,1245,1068,1154,0,2981,1586,1083,96,1693,1836,1524,2098,2349,1,449,536,1405,2336,11,1943,888,2096,
第15号节点作为src:2118,490,2397,1506,1264,1014,945,1250,1774,741,1723,2266,1725,1489,0,1783,2398,358,1424,141,686,1113,595,1920,1388,1088,1443,1267,1204,1123,3729,3652,2374,1477,276,1889,159,1488,1273,836,799,1737,2661,342,2331,636,2080,2111,1289,371,2936,635,952,286,1245,1068,1223,136,2981,2000,1653,96,2289,2092,1895,2645,2710,222,667,691,1727,2670,56,2332,1409,2806,
第16号节点作为src:2118,490,2367,1506,1264,1014,831,1250,1430,741,1688,2261,1725,1476,2376,0,2397,0,1278,43,620,924,595,1157,907,783,1308,1016,517,1123,3022,2855,1565,894,276,1074,59,874,1191,760,0,1319,2328,183,1344,22,1517,1464,501,297,1900,256,952,284,1245,1068,1154,0,2981,1571,1078,96,1693,1836,1524,2098,2349,1,448,536,1405,2336,11,1931,887,2096,
第17号节点作为src:2118,490,2367,1506,1264,1014,831,1250,1430,741,1688,2261,1725,1476,2376,1783,0,0,1278,43,620,925,595,1157,907,783,1308,1016,517,1123,3022,2857,1565,894,276,1074,59,874,1191,760,0,1320,2328,183,1344,22,1517,1466,501,297,1900,256,952,284,1245,1068,1154,0,2981,1572,1078,96,1693,1836,1524,2098,2349,1,448,536,1405,2336,11,1931,887,2096,
第18号节点作为src:2118,490,2441,1506,1264,1014,945,1250,1774,741,1723,2266,1725,1489,2841,1783,2398,0,1424,141,686,1113,595,1920,1406,1088,1455,1267,1204,1123,3734,3674,2374,1512,276,1903,178,1503,1273,836,799,1737,2661,342,2373,636,2080,2111,1289,371,2936,635,952,286,1245,1068,1223,139,2981,2000,1734,96,2289,2092,1895,2645,2710,222,667,691,1727,2670,56,2408,1452,2806,
第19号节点作为src:2118,490,2393,1506,1264,1014,935,1250,1774,741,1723,2266,1725,1489,2813,1783,2398,356,0,141,686,1113,595,1920,1372,1088,1436,1267,1204,1123,3729,3631,2374,1437,276,1887,131,1481,1273,836,799,1737,2661,342,2290,630,2069,2111,1284,371,2932,635,952,286,1245,1068,1223,105,2981,2000,1623,96,2289,2092,1895,2641,2710,222,667,691,1727,2670,56,2299,1365,2796,
第20号节点作为src:2118,490,2367,1506,1264,1014,876,1250,1744,741,1723,2263,1725,1489,2376,1783,2398,0,1278,0,677,976,595,1269,961,905,1390,1153,706,1123,3085,2891,1643,1078,276,1178,91,883,1201,760,0,1435,2639,183,1531,22,1574,1591,578,297,2205,348,952,285,1245,1068,1223,0,2981,1723,1184,96,1745,1899,1597,2195,2349,1,499,577,1724,2336,11,2060,931,2233,
第21号节点作为src:2118,490,2367,1506,1264,1014,876,1250,1438,741,1723,2262,1725,1489,2376,1783,2398,0,1278,99,0,962,595,1225,958,905,1361,1110,620,1123,3056,2872,1628,998,276,1133,90,874,1201,760,0,1393,2349,183,1441,22,1580,1561,584,297,1909,297,952,284,1245,1068,1222,0,2981,1679,1160,96,1727,1888,1586,2179,2349,1,477,557,1414,2336,11,2040,920,2194,
第22号节点作为src:2118,490,2367,1506,1264,1014,876,1250,1774,741,1723,2266,1725,1489,2666,1783,2398,5,1278,141,685,0,595,1663,1082,965,1434,1267,1011,1123,3366,3223,1997,1314,276,1418,111,1135,1272,760,528,1581,2661,250,1962,243,1721,2109,987,333,2560,635,952,286,1245,1068,1223,0,2981,1967,1401,96,2145,1939,1888,2426,2709,40,667,691,1727,2670,30,2271,1029,2497,
第23号节点作为src:2071,490,2367,1505,1229,996,487,1240,1303,741,1312,2254,1481,1083,2119,1652,2327,0,1276,21,527,871,0,829,831,378,1281,790,351,1123,2934,2648,1468,874,244,1074,0,874,1089,760,0,1208,2170,183,1344,22,1417,1232,413,297,1716,207,952,279,1244,1068,979,0,2981,1386,1045,96,1525,1780,1433,1853,0,1,433,482,1323,0,11,1754,833,1821,
第24号节点作为src:2118,490,2374,1506,1264,1014,879,1250,1774,741,1723,2266,1725,1489,2796,1783,2398,293,1342,141,686,1113,595,0,1293,1088,1434,1267,1203,1123,3662,3582,2374,1427,276,1830,111,1436,1272,828,791,1734,2661,338,2280,597,2047,2111,1265,360,2889,635,952,286,1245,1068,1223,30,2981,1989,1554,96,2289,2063,1895,2584,2710,222,667,691,1727,2670,56,2297,1314,2769,
第25号节点作为src:2118,490,2441,1506,1264,1014,945,1250,1774,741,1723,2266,1725,1489,2841,1783,2398,395,1424,141,686,1113,595,1920,0,1088,1455,1267,1204,1123,3734,3676,2374,1512,276,1903,177,1503,1273,836,799,1737,2661,342,2373,636,2080,2111,1289,371,2936,635,952,286,1245,1068,1223,139,2981,2000,1729,96,2289,2092,1895,2645,2710,222,667,691,1727,2670,56,2405,1452,2806,
第26号节点作为src:2118,490,2374,1506,1264,1014,876,1250,1774,741,1723,2266,1725,1489,2786,1783,2398,274,1327,141,686,1111,595,1905,1275,0,1434,1267,1198,1123,3645,3560,2361,1427,276,1822,111,1427,1272,828,791,1734,2661,338,2280,580,2029,2111,1254,336,2869,635,952,286,1245,1068,1223,15,2981,1967,1542,96,2289,2044,1894,2577,2710,221,667,691,1727,2670,56,2271,1305,2767,
第27号节点作为src:2118,490,2455,1506,1264,1014,945,1250,1774,741,1723,2266,1725,1489,2841,1783,2398,400,1424,141,686,1113,595,1920,1408,1088,0,1267,1204,1123,3734,3687,2374,1512,276,1903,178,1503,1273,836,799,1737,2661,342,2373,636,2080,2111,1289,371,2936,635,952,286,1245,1068,1223,139,2981,2000,1749,96,2289,2092,1895,2645,2710,222,667,691,1727,2670,56,2422,1452,2806,
第28号节点作为src:2118,490,2367,1506,1264,1014,876,1250,1774,741,1723,2263,1725,1489,2382,1783,2398,0,1278,141,685,1003,595,1470,1013,905,1425,0,821,1123,3154,3015,1808,1087,276,1288,111,986,1201,760,197,1506,2661,183,1719,22,1600,1843,719,297,2369,492,952,285,1245,1068,1223,0,2981,1862,1302,96,1897,1917,1699,2290,2552,1,537,691,1727,2538,11,2180,944,2367,
第29号节点作为src:2118,490,2374,1506,1264,1014,876,1250,1774,741,1723,2266,1725,1489,2787,1783,2398,274,1329,141,686,1113,595,1905,1275,1087,1434,1267,0,1123,3646,3562,2362,1427,276,1822,111,1427,1272,828,791,1734,2661,338,2280,580,2032,2111,1255,360,2869,635,952,286,1245,1068,1223,17,2981,1989,1542,96,2289,2044,1895,2578,2710,222,667,691,1727,2670,56,2296,1305,2769,
第30号节点作为src:1564,447,2062,1244,686,329,3,1055,764,259,1132,1569,475,1034,1621,693,1944,0,879,16,341,537,32,328,432,0,1177,463,71,0,2239,2150,1123,805,25,1059,0,866,965,579,0,984,1346,183,1306,22,1084,832,278,297,1375,152,952,0,865,798,973,0,2657,1107,1045,22,1122,1460,1259,1432,0,0,0,401,983,0,11,1209,652,1516,
第31号节点作为src:2118,490,2393,1506,1264,1014,935,1250,1774,741,1723,2266,1725,1489,2813,1783,2398,362,1422,141,686,1113,595,1920,1373,1088,1436,1267,1204,1123,0,3631,2374,1437,276,1890,131,1481,1273,836,799,1737,2661,342,2290,630,2069,2111,1284,371,2932,635,952,286,1245,1068,1223,105,2981,2000,1623,96,2289,2092,1895,2641,2710,222,667,691,1727,2670,56,2299,1365,2796,
第32号节点作为src:2118,490,2458,1506,1264,1014,945,1250,1774,741,1723,2266,1725,1489,2841,1783,2398,400,1424,141,686,1113,595,1920,1408,1088,1458,1267,1204,1123,3734,0,2374,1512,276,1903,178,1503,1273,836,799,1737,2661,342,2373,636,2080,2111,1289,371,2936,635,952,286,1245,1068,1223,139,2981,2000,1749,96,2289,2092,1895,2645,2710,222,667,691,1727,2670,56,2424,1452,2806,
第33号节点作为src:2118,490,2374,1506,1264,1014,879,1250,1774,741,1723,2266,1725,1489,2791,1783,2398,284,1337,141,686,1111,595,1908,1281,1088,1434,1267,1200,1123,3653,3573,0,1427,276,1827,111,1432,1272,828,791,1734,2661,338,2280,587,2039,2111,1260,336,2876,635,952,286,1245,1068,1223,21,2981,1967,1546,96,2289,2052,1894,2580,2710,222,667,691,1727,2670,56,2272,1312,2767,
第34号节点作为src:2118,490,2431,1506,1264,1014,945,1250,1774,741,1723,2266,1725,1489,2841,1783,2398,386,1424,141,686,1113,595,1920,1401,1088,1453,1267,1204,1123,3734,3671,2374,0,276,1895,175,1503,1273,836,799,1737,2661,342,2391,636,2080,2111,1289,371,2936,635,952,286,1245,1068,1223,139,2981,2000,1710,96,2289,2092,1895,2645,2710,222,667,691,1727,2670,56,2392,1447,2806,
第35号节点作为src:2089,490,2367,1506,1263,1012,577,1250,1333,741,1312,2255,1584,1083,2269,1771,2382,0,1277,21,574,887,593,927,878,470,1281,905,495,1123,2981,2734,1508,875,0,1074,33,874,1124,760,0,1291,2217,183,1344,22,1495,1309,446,297,1793,256,952,281,1244,1068,979,0,2981,1450,1045,96,1611,1791,1479,2000,2290,1,435,507,1350,2278,11,1820,854,1907,
第36号节点作为src:2118,490,2431,1506,1264,1014,945,1250,1774,741,1723,2266,1725,1489,2841,1783,2398,386,1424,141,686,1113,595,1920,1401,1088,1454,1267,1204,1123,3734,3671,2374,1512,276,0,177,1503,1273,836,799,1737,2661,342,2373,636,2080,2111,1289,371,2936,635,952,286,1245,1068,1223,139,2981,2000,1715,96,2289,2092,1895,2645,2710,222,667,691,1727,2670,56,2394,1449,2806,
第37号节点作为src:2118,490,2434,1506,1264,1014,945,1250,1774,741,1723,2266,1725,1489,2841,1783,2398,393,1424,141,686,1113,595,1920,1402,1088,1455,1267,1204,1123,3734,3671,2374,1512,276,1903,0,1503,1273,836,799,1737,2661,342,2373,636,2080,2111,1289,371,2936,635,952,286,1245,1068,1223,139,2981,2000,1729,96,2289,2092,1895,2645,2710,222,667,691,1727,2670,56,2403,1452,2806,
第38号节点作为src:2118,490,2412,1506,1264,1014,945,1250,1774,741,1723,2266,1725,1489,2841,1783,2398,358,1424,141,686,1113,595,1920,1393,1088,1447,1267,1204,1123,3729,3661,2374,1482,276,1889,166,0,1273,836,799,1737,2661,342,2344,636,2080,2111,1289,371,2936,635,952,286,1245,1068,1223,139,2981,2000,1671,96,2289,2092,1895,2645,2710,222,667,691,1727,2670,56,2355,1423,2806,
第39号节点作为src:2118,490,2374,1506,1264,1014,876,1250,1774,741,1723,2266,1725,1489,2723,1783,2398,223,1278,141,686,1111,595,1832,1215,1058,1434,1267,1170,1123,3601,3482,2279,1427,276,1738,111,1370,0,792,792,1734,2661,337,2245,518,1960,2110,1210,336,2810,635,952,286,1245,1068,1223,0,2981,1967,1514,96,2289,2012,1894,2524,2710,193,667,691,1727,2670,56,2271,1240,2767,
第40号节点作为src:2118,490,2374,1506,1264,1014,876,1250,1774,741,1723,2266,1725,1489,2760,1783,2398,249,1288,141,686,1113,595,1875,1240,1069,1435,1267,1183,1123,3621,3521,2329,1430,276,1783,128,1404,1273,0,799,1737,2661,342,2284,553,2001,2111,1238,370,2847,635,952,286,1245,1068,1223,0,2981,2000,1531,96,2289,2031,1895,2558,2710,213,667,691,1727,2670,56,2295,1271,2790,
第41号节点作为src:2118,490,2374,1506,1264,1014,876,1250,1774,741,1723,2266,1725,1489,2715,1783,2398,217,1278,141,686,1113,595,1820,1213,1054,1435,1267,1165,1123,3591,3469,2265,1416,276,1721,122,1361,1272,775,0,1737,2661,334,2233,502,1946,2110,1194,370,2804,635,952,286,1245,1068,1223,0,2981,2000,1507,96,2289,2010,1895,2517,2710,188,667,691,1727,2670,56,2295,1232,2780,
第42号节点作为src:2118,490,2374,1506,1264,1014,876,1250,1774,741,1723,2266,1725,1489,2705,1783,2398,211,1278,141,686,1111,595,1814,1209,1050,1434,1267,1154,1123,3587,3458,2249,1411,276,1710,111,1355,1272,767,768,0,2661,332,2225,491,1935,2110,1183,336,2796,635,952,286,1245,1068,1223,0,2981,1967,1501,96,2289,2008,1894,2513,2710,183,667,691,1727,2670,56,2271,1224,2769,
第43号节点作为src:2118,490,2367,1506,1264,1014,876,1250,1756,741,1723,2263,1725,1489,2376,1783,2398,0,1278,141,685,982,595,1272,963,905,1400,1157,708,1123,3088,2895,1649,1079,276,1184,94,885,1201,760,1,1447,0,183,1531,22,1587,1602,588,297,2220,350,952,285,1245,1068,1223,0,2981,1724,1185,96,1762,1911,1597,2211,2349,1,505,603,1727,2336,11,2072,934,2248,
第44号节点作为src:2118,490,2374,1506,1264,1014,876,1250,1774,741,1723,2266,1725,1489,2760,1783,2398,249,1288,141,686,1113,595,1875,1240,1069,1435,1267,1183,1123,3621,3520,2329,1427,276,1783,125,1404,1273,822,799,1737,2661,0,2280,553,2001,2111,1238,370,2847,635,952,286,1245,1068,1223,0,2981,2000,1531,96,2289,2031,1895,2558,2710,213,667,691,1727,2670,56,2295,1271,2785,
第45号节点作为src:2118,490,2431,1506,1264,1014,945,1250,1774,741,1723,2266,1725,1489,2841,1783,2398,386,1424,141,686,1113,595,1920,1401,1088,1453,1267,1204,1123,3734,3671,2374,1531,276,1895,175,1503,1273,836,799,1737,2661,342,0,636,2080,2111,1289,371,2936,635,952,286,1245,1068,1223,139,2981,2000,1710,96,2289,2092,1895,2645,2710,222,667,691,1727,2670,56,2392,1447,2806,
第46号节点作为src:2118,490,2374,1506,1264,1014,901,1250,1774,741,1723,2266,1725,1489,2813,1783,2398,329,1380,141,686,1113,595,1920,1340,1088,1438,1267,1204,1123,3701,3630,2374,1443,276,1866,135,1472,1273,836,799,1737,2661,342,2299,0,2072,2111,1280,371,2931,635,952,286,1245,1068,1223,81,2981,2000,1579,96,2289,2092,1895,2624,2710,222,667,691,1727,2670,56,2302,1351,2804,
第47号节点作为src:2118,490,2374,1506,1264,1014,901,1250,1774,741,1723,2266,1725,1489,2813,1783,2398,329,1380,141,686,1113,595,1920,1340,1088,1438,1267,1204,1123,3701,3630,2374,1447,276,1866,138,1472,1273,836,799,1737,2661,342,2305,632,0,2111,1280,371,2931,635,952,286,1245,1068,1223,81,2981,2000,1579,96,2289,2092,1895,2624,2710,222,667,691,1727,2670,56,2307,1351,2804,
第48号节点作为src:2118,490,2367,1506,1264,1014,876,1250,1774,741,1723,2266,1725,1489,2653,1783,2398,0,1278,141,685,1088,595,1633,1078,965,1434,1267,975,1123,3348,3194,1997,1287,276,1403,111,1126,1269,760,481,1554,2661,233,1933,223,1717,0,967,321,2519,629,952,286,1245,1068,1223,0,2981,1943,1385,96,2101,1927,1871,2414,2696,25,648,691,1727,2653,12,2253,1008,2468,
第49号节点作为src:2118,490,2385,1506,1264,1014,924,1250,1774,741,1723,2266,1725,1489,2813,1783,2398,341,1402,141,686,1113,595,1920,1352,1088,1439,1267,1204,1123,3708,3634,2374,1453,276,1874,140,1484,1273,836,799,1737,2661,342,2310,636,2080,2111,0,371,2936,635,952,286,1245,1068,1223,110,2981,2000,1606,96,2289,2092,1895,2629,2710,222,667,691,1727,2670,56,2308,1373,2806,
第50号节点作为src:2118,490,2367,1506,1264,1014,876,1250,1774,741,1723,2266,1725,1489,2666,1783,2398,5,1278,141,685,1113,595,1663,1082,965,1434,1267,1012,1123,3366,3223,1997,1314,276,1418,117,1135,1272,760,528,1581,2661,250,1962,243,1721,2109,987,0,2560,635,952,286,1245,1068,1223,0,2981,2004,1401,96,2145,1939,1888,2426,2709,40,667,691,1727,2670,30,2294,1029,2498,
第51号节点作为src:2118,490,2374,1506,1264,1014,901,1250,1774,741,1723,2266,1725,1489,2813,1783,2398,329,1380,141,686,1113,595,1920,1340,1088,1437,1267,1204,1123,3701,3630,2374,1438,276,1866,132,1472,1273,836,799,1737,2661,342,2292,628,2070,2111,1280,371,0,635,952,286,1245,1068,1223,81,2981,2000,1579,96,2289,2092,1895,2624,2710,222,667,691,1727,2670,56,2300,1351,2800,
第52号节点作为src:2118,490,2367,1506,1264,1014,876,1250,1774,741,1723,2266,1725,1489,2653,1783,2398,0,1278,141,685,1088,595,1633,1078,965,1434,1267,975,1123,3348,3194,1997,1287,276,1404,111,1126,1269,760,481,1554,2661,233,1933,223,1717,2109,967,321,2519,0,952,286,1245,1068,1223,0,2981,1943,1385,96,2101,1927,1871,2414,2696,25,649,691,1727,2654,12,2254,1008,2470,
第53号节点作为src:1303,435,1892,1244,595,228,3,1053,753,124,1042,1376,294,1025,1573,489,1726,0,871,16,238,494,6,328,427,0,1145,459,71,1105,2186,2075,909,760,7,1048,0,861,960,563,0,982,1285,183,1294,22,893,780,278,297,1364,152,0,0,791,757,965,0,2400,1103,1045,22,1118,1450,1246,1418,0,0,0,400,983,0,9,1067,616,1494,
第54号节点作为src:2118,490,2367,1506,1264,1014,876,1250,1438,741,1723,2262,1725,1489,2376,1783,2398,0,1278,99,677,962,595,1225,960,905,1359,1110,620,1123,3056,2872,1628,998,276,1133,89,874,1201,760,0,1392,2349,183,1441,22,1573,1558,576,297,1909,299,952,0,1247,1068,1222,0,2981,1681,1160,96,1729,1888,1586,2178,2349,1,476,558,1414,2336,11,2040,920,2194,
第55号节点作为src:2118,490,2367,1506,1264,1014,876,1250,1438,741,1723,2262,1725,1489,2376,1783,2398,0,1278,99,677,962,595,1225,960,905,1359,1110,620,1123,3056,2872,1628,998,276,1133,89,874,1201,760,0,1392,2349,183,1441,22,1573,1558,576,297,1909,299,952,287,0,1068,1222,0,2981,1681,1160,96,1729,1888,1586,2178,2349,1,476,558,1414,2336,11,2040,920,2194,
第56号节点作为src:2071,490,2367,1305,1057,875,385,1239,1214,741,1312,2138,1130,1083,1836,1386,2181,0,1254,19,465,830,584,615,675,218,1281,567,71,1123,2824,2518,1366,873,116,1074,0,874,1070,760,0,1185,2139,183,1344,22,1212,1057,344,297,1539,152,952,192,1145,0,979,0,2981,1277,1045,96,1369,1592,1332,1632,0,0,386,476,1316,0,11,1619,833,1631,
第57号节点作为src:2118,490,2367,1506,1264,1014,876,1250,1438,741,1723,2262,1725,1489,2376,1783,2398,0,1278,98,677,962,595,1224,955,905,1355,1110,616,1123,3054,2872,1628,998,276,1127,89,874,1201,760,0,1392,2349,183,1436,22,1573,1551,576,297,1909,293,952,284,1245,1068,0,0,2981,1678,1160,96,1724,1888,1584,2176,2349,1,473,551,1414,2336,11,2040,917,2194,
第58号节点作为src:2118,490,2402,1506,1264,1014,945,1250,1774,741,1723,2266,1725,1489,2839,1783,2398,358,1424,141,686,1113,595,1920,1391,1088,1443,1267,1204,1123,3729,3653,2374,1475,276,1889,158,1491,1273,836,799,1737,2661,342,2329,636,2080,2111,1289,371,2936,635,952,286,1245,1068,1223,0,2981,2000,1654,96,2289,2092,1895,2645,2710,222,667,691,1727,2670,56,2333,1410,2806,
第59号节点作为src:2071,490,2312,1260,905,720,377,1237,1214,741,1312,2004,993,1083,1716,1237,2114,0,1112,19,433,825,581,559,541,89,1281,463,71,1123,2735,2472,1366,873,29,1074,0,874,1013,760,0,1162,2022,183,1344,22,1212,986,309,297,1390,152,952,109,1082,1065,979,0,0,1195,1045,76,1302,1529,1297,1568,0,0,377,471,1308,0,11,1518,833,1555,
第60号节点作为src:2118,490,2367,1506,1264,1014,876,1250,1774,741,1723,2266,1725,1489,2666,1783,2398,5,1278,141,685,1113,595,1663,1082,965,1434,1267,1012,1123,3366,3223,1997,1314,276,1418,117,1135,1272,760,528,1581,2661,250,1962,243,1721,2109,987,370,2560,635,952,286,1245,1068,1223,0,2981,0,1401,96,2145,1939,1888,2426,2709,40,667,691,1727,2670,30,2294,1029,2498,
第61号节点作为src:2118,490,2451,1506,1264,1014,945,1250,1774,741,1723,2266,1725,1489,2841,1783,2398,400,1424,141,686,1113,595,1920,1408,1088,1457,1267,1204,1123,3734,3682,2374,1512,276,1903,178,1503,1273,836,799,1737,2661,342,2373,636,2080,2111,1289,371,2936,635,952,286,1245,1068,1223,139,2981,2000,0,96,2289,2092,1895,2645,2710,222,667,691,1727,2670,56,2421,1452,2806,
第62号节点作为src:2071,490,2366,1298,1035,849,384,1239,1214,741,1312,2125,1099,1083,1815,1371,2170,0,1237,19,459,830,584,599,659,210,1281,547,71,1123,2813,2511,1366,873,102,1074,0,874,1067,760,0,1180,2139,183,1344,22,1212,1040,341,297,1525,152,952,185,1135,1066,979,0,2981,1264,1045,0,1363,1583,1326,1622,0,0,386,474,1312,0,11,1611,833,1622,
第63号节点作为src:2118,490,2367,1506,1264,1014,876,1250,1774,741,1723,2266,1725,1489,2666,1783,2398,154,1278,141,685,1111,595,1755,1165,1018,1434,1267,1106,1123,3523,3374,2140,1334,276,1608,111,1270,1272,760,688,1673,2661,315,2131,395,1850,2109,1100,336,2710,635,952,286,1245,1068,1223,0,2981,1967,1462,96,0,1988,1894,2477,2710,133,667,691,1727,2670,56,2271,1134,2666,
第64号节点作为src:2118,490,2374,1506,1264,1014,889,1250,1774,741,1723,2266,1725,1489,2813,1783,2398,319,1369,141,686,1113,595,1920,1333,1088,1436,1267,1204,1123,3696,3620,2374,1437,276,1856,131,1460,1273,836,799,1737,2661,342,2290,620,2063,2111,1278,371,2919,635,952,286,1245,1068,1223,69,2981,2000,1571,96,2289,0,1895,2613,2710,222,667,691,1727,2670,56,2299,1334,2796,
第65号节点作为src:2118,490,2367,1506,1264,1014,876,1250,1774,741,1723,2266,1725,1489,2666,1783,2398,5,1278,141,685,1111,595,1666,1082,965,1434,1267,1016,1123,3366,3223,1997,1314,276,1418,111,1135,1272,760,532,1586,2661,250,1962,243,1721,2109,987,334,2570,635,952,286,1245,1068,1223,0,2981,1967,1401,96,2150,1941,0,2429,2709,45,667,691,1727,2670,33,2270,1034,2495,
第66号节点作为src:2118,490,2393,1506,1264,1014,939,1250,1774,741,1723,2266,1725,1489,2813,1783,2398,357,1422,141,686,1113,595,1920,1374,1088,1436,1267,1204,1123,3729,3631,2374,1437,276,1888,131,1481,1273,836,799,1737,2661,342,2290,630,2069,2111,1284,371,2932,635,952,286,1245,1068,1223,105,2981,2000,1623,96,2289,2092,1895,0,2710,222,667,691,1727,2670,56,2299,1365,2796,
第67号节点作为src:2118,490,2367,1506,1264,1014,876,1250,1774,741,1723,2266,1725,1489,2654,1783,2398,0,1278,141,685,1096,595,1648,1081,965,1434,1267,983,1123,3355,3209,1997,1300,276,1411,111,1127,1272,760,502,1559,2661,240,1948,232,1718,2109,974,324,2529,635,952,286,1245,1068,1223,0,2981,1949,1392,96,2115,1927,1878,2418,0,28,658,691,1727,2672,18,2258,1015,2480,
第68号节点作为src:2118,490,2374,1506,1264,1014,876,1250,1774,741,1723,2266,1725,1489,2783,1783,2398,264,1322,141,686,1111,595,1903,1270,1086,1434,1267,1197,1123,3644,3557,2358,1427,276,1811,111,1422,1272,828,791,1734,2661,338,2280,578,2028,2111,1254,336,2864,635,952,286,1245,1068,1223,9,2981,1967,1539,96,2289,2043,1894,2571,2710,0,667,691,1727,2670,56,2271,1300,2767,
第69号节点作为src:2118,490,2367,1506,1264,1014,876,1250,1774,741,1723,2266,1725,1489,2665,1783,2398,0,1278,141,685,1105,595,1655,1081,965,1434,1267,1000,1123,3365,3218,1997,1307,276,1414,111,1132,1272,760,513,1566,2661,244,1956,236,1718,2109,982,325,2546,635,952,286,1245,1068,1223,0,2981,1961,1396,96,2126,1936,1878,2418,2709,35,0,691,1727,2670,25,2265,1018,2490,
第70号节点作为src:2118,490,2367,1506,1264,1014,876,1250,1756,741,1723,2263,1725,1489,2376,1783,2398,0,1278,141,685,984,595,1368,994,905,1407,1189,768,1123,3127,2947,1710,1087,276,1233,105,935,1201,760,69,1473,2661,183,1610,22,1599,1719,633,297,2292,416,952,285,1245,1068,1223,0,2981,1795,1247,96,1824,1912,1653,2257,2349,1,508,0,1727,2336,11,2116,937,2294,
第71号节点作为src:2118,490,2367,1506,1264,1014,876,1250,1744,741,1723,2263,1725,1489,2376,1783,2398,0,1278,123,677,976,595,1258,961,905,1387,1143,687,1123,3080,2891,1643,1063,276,1177,91,881,1201,760,0,1431,2639,183,1511,22,1574,1591,578,297,2205,338,952,285,1245,1068,1223,0,2981,1719,1184,96,1745,1899,1597,2195,2349,1,498,577,0,2336,11,2060,931,2225,
第72号节点作为src:2118,490,2367,1506,1264,1014,876,1250,1774,741,1723,2266,1725,1489,2654,1783,2398,0,1278,141,685,1096,595,1648,1081,965,1434,1267,983,1123,3355,3209,1997,1300,276,1411,111,1127,1272,760,502,1559,2661,240,1948,232,1718,2109,974,324,2529,635,952,286,1245,1068,1223,0,2981,1949,1392,96,2115,1927,1878,2418,2712,28,658,691,1727,0,18,2258,1015,2480,
第73号节点作为src:2118,490,2367,1506,1264,1014,876,1250,1774,741,1723,2266,1725,1489,2666,1783,2398,75,1278,141,685,1111,595,1708,1117,977,1434,1267,1057,1123,3426,3291,2061,1333,276,1511,111,1175,1272,760,608,1628,2661,291,2038,314,1777,2109,1034,336,2640,635,952,286,1245,1068,1223,0,2981,1967,1421,96,2222,1956,1894,2453,2710,87,667,691,1727,2670,0,2271,1069,2576,
第74号节点作为src:2118,490,2457,1506,1264,1014,945,1250,1774,741,1723,2266,1725,1489,2841,1783,2398,400,1424,141,686,1113,595,1920,1408,1088,1458,1267,1204,1123,3734,3691,2374,1512,276,1903,178,1503,1273,836,799,1737,2661,342,2373,636,2080,2111,1289,371,2936,635,952,286,1245,1068,1223,139,2981,2000,1749,96,2289,2092,1895,2645,2710,222,667,691,1727,2670,56,0,1452,2806,
第75号节点作为src:2118,490,2432,1506,1264,1014,945,1250,1774,741,1723,2266,1725,1489,2841,1783,2398,389,1424,141,686,1113,595,1920,1402,1088,1455,1267,1204,1123,3734,3671,2374,1512,276,1900,175,1503,1273,836,799,1737,2661,342,2373,636,2080,2111,1289,371,2936,635,952,286,1245,1068,1223,139,2981,2000,1721,96,2289,2092,1895,2645,2710,222,667,691,1727,2670,56,2398,0,2806,
第76号节点作为src:2118,490,2374,1506,1264,1014,879,1250,1774,741,1723,2266,1725,1489,2797,1783,2398,293,1342,141,686,1113,595,1919,1294,1088,1439,1267,1204,1123,3662,3583,2374,1440,276,1830,132,1436,1273,836,799,1737,2661,342,2296,596,2047,2111,1265,371,2889,635,952,286,1245,1068,1223,30,2981,2000,1554,96,2289,2063,1895,2584,2710,222,667,691,1727,2670,56,2298,1314,0,
